time,scope,value
1751801551.1253865,nrm.extra.perf.PAPI_L3_TCA.122931,20563325.0
1751801551.1253865,nrm.extra.perf.PAPI_TOT_INS.122931,12300605258.0
1751801551.1253865,nrm.extra.perf.PAPI_TOT_CYC.122931,11732756856.0
1751801551.1253865,nrm.extra.perf.PAPI_RES_STL.122931,3453864346.0
1751801551.1253865,nrm.extra.perf.PAPI_L3_TCM.122931,13474000.0
1751801552.122663,nrm.extra.perf.PAPI_L3_TCA.122931,752465150.0
1751801552.122663,nrm.extra.perf.PAPI_TOT_INS.122931,244599410594.0
1751801552.122663,nrm.extra.perf.PAPI_TOT_CYC.122931,271159107042.0
1751801552.122663,nrm.extra.perf.PAPI_RES_STL.122931,97242535236.0
1751801552.122663,nrm.extra.perf.PAPI_L3_TCM.122931,643412846.0
1751801553.1228547,nrm.extra.perf.PAPI_L3_TCA.122931,1490060896.0
1751801553.1228547,nrm.extra.perf.PAPI_TOT_INS.122931,476255154143.0
1751801553.1228547,nrm.extra.perf.PAPI_TOT_CYC.122931,528737516671.0
1751801553.1228547,nrm.extra.perf.PAPI_RES_STL.122931,193022578666.0
1751801553.1228547,nrm.extra.perf.PAPI_L3_TCM.122931,1284018288.0
1751801554.1227367,nrm.extra.perf.PAPI_L3_TCA.122931,2226304954.0
1751801554.1227367,nrm.extra.perf.PAPI_TOT_INS.122931,708991751959.0
1751801554.1227367,nrm.extra.perf.PAPI_TOT_CYC.122931,783441050066.0
1751801554.1227367,nrm.extra.perf.PAPI_RES_STL.122931,282910190814.0
1751801554.1227367,nrm.extra.perf.PAPI_L3_TCM.122931,1923312270.0
1751801555.1252093,nrm.extra.perf.PAPI_L3_TCA.122931,2964039629.0
1751801555.1252093,nrm.extra.perf.PAPI_TOT_INS.122931,940656409397.0
1751801555.1252093,nrm.extra.perf.PAPI_TOT_CYC.122931,1039524569515.0
1751801555.1252093,nrm.extra.perf.PAPI_RES_STL.122931,372797248357.0
1751801555.1252093,nrm.extra.perf.PAPI_L3_TCM.122931,2566827421.0
1751801556.125666,nrm.extra.perf.PAPI_L3_TCA.122931,3708542954.0
1751801556.125666,nrm.extra.perf.PAPI_TOT_INS.122931,1172034709866.0
1751801556.125666,nrm.extra.perf.PAPI_TOT_CYC.122931,1298400930414.0
1751801556.125666,nrm.extra.perf.PAPI_RES_STL.122931,464816536315.0
1751801556.125666,nrm.extra.perf.PAPI_L3_TCM.122931,3214804228.0
1751801557.1227012,nrm.extra.perf.PAPI_L3_TCA.122931,4459795991.0
1751801557.1227012,nrm.extra.perf.PAPI_TOT_INS.122931,1404089233780.0
1751801557.1227012,nrm.extra.perf.PAPI_TOT_CYC.122931,1556510943947.0
1751801557.1227012,nrm.extra.perf.PAPI_RES_STL.122931,556717637597.0
1751801557.1227012,nrm.extra.perf.PAPI_L3_TCM.122931,3864504942.0
1751801558.1226099,nrm.extra.perf.PAPI_L3_TCA.122931,5155091045.0
1751801558.1226099,nrm.extra.perf.PAPI_TOT_INS.122931,1626078544585.0
1751801558.1226099,nrm.extra.perf.PAPI_TOT_CYC.122931,1817293844863.0
1751801558.1226099,nrm.extra.perf.PAPI_RES_STL.122931,641032341416.0
1751801558.1226099,nrm.extra.perf.PAPI_L3_TCM.122931,4468548228.0
1751801559.122522,nrm.extra.perf.PAPI_L3_TCA.122931,5887999180.0
1751801559.122522,nrm.extra.perf.PAPI_TOT_INS.122931,1856955766548.0
1751801559.122522,nrm.extra.perf.PAPI_TOT_CYC.122931,2076302342718.0
1751801559.122522,nrm.extra.perf.PAPI_RES_STL.122931,731421237699.0
1751801559.122522,nrm.extra.perf.PAPI_L3_TCM.122931,5107275414.0
1751801560.1227522,nrm.extra.perf.PAPI_L3_TCA.122931,6620496080.0
1751801560.1227522,nrm.extra.perf.PAPI_TOT_INS.122931,2087129532484.0
1751801560.1227522,nrm.extra.perf.PAPI_TOT_CYC.122931,2335843418340.0
1751801560.1227522,nrm.extra.perf.PAPI_RES_STL.122931,821638266626.0
1751801560.1227522,nrm.extra.perf.PAPI_L3_TCM.122931,5745747215.0
1751801561.1230824,nrm.extra.perf.PAPI_L3_TCA.122931,7359999470.0
1751801561.1230824,nrm.extra.perf.PAPI_TOT_INS.122931,2323950464349.0
1751801561.1230824,nrm.extra.perf.PAPI_TOT_CYC.122931,2591404950264.0
1751801561.1230824,nrm.extra.perf.PAPI_RES_STL.122931,913682580726.0
1751801561.1230824,nrm.extra.perf.PAPI_L3_TCM.122931,6388479031.0
1751801562.1230187,nrm.extra.perf.PAPI_L3_TCA.122931,8098277782.0
1751801562.1230187,nrm.extra.perf.PAPI_TOT_INS.122931,2560347129100.0
1751801562.1230187,nrm.extra.perf.PAPI_TOT_CYC.122931,2846362323042.0
1751801562.1230187,nrm.extra.perf.PAPI_RES_STL.122931,1000602554669.0
1751801562.1230187,nrm.extra.perf.PAPI_L3_TCM.122931,7032466961.0
1751801563.1233935,nrm.extra.perf.PAPI_L3_TCA.122931,8829291729.0
1751801563.1233935,nrm.extra.perf.PAPI_TOT_INS.122931,2787873455392.0
1751801563.1233935,nrm.extra.perf.PAPI_TOT_CYC.122931,3100678463853.0
1751801563.1233935,nrm.extra.perf.PAPI_RES_STL.122931,1085688914583.0
1751801563.1233935,nrm.extra.perf.PAPI_L3_TCM.122931,7670181993.0
1751801564.1227522,nrm.extra.perf.PAPI_L3_TCA.122931,9551379141.0
1751801564.1227522,nrm.extra.perf.PAPI_TOT_INS.122931,3007576121183.0
1751801564.1227522,nrm.extra.perf.PAPI_TOT_CYC.122931,3361349997859.0
1751801564.1227522,nrm.extra.perf.PAPI_RES_STL.122931,1170055973688.0
1751801564.1227522,nrm.extra.perf.PAPI_L3_TCM.122931,8303348889.0
1751801565.123125,nrm.extra.perf.PAPI_L3_TCA.122931,10293886011.0
1751801565.123125,nrm.extra.perf.PAPI_TOT_INS.122931,3248493705161.0
1751801565.123125,nrm.extra.perf.PAPI_TOT_CYC.122931,3617709618139.0
1751801565.123125,nrm.extra.perf.PAPI_RES_STL.122931,1258924128230.0
1751801565.123125,nrm.extra.perf.PAPI_L3_TCM.122931,8954088656.0
1751801566.1251721,nrm.extra.perf.PAPI_L3_TCA.122931,11064130210.0
1751801566.1251721,nrm.extra.perf.PAPI_TOT_INS.122931,3488158082328.0
1751801566.1251721,nrm.extra.perf.PAPI_TOT_CYC.122931,3874878069192.0
1751801566.1251721,nrm.extra.perf.PAPI_RES_STL.122931,1350626683461.0
1751801566.1251721,nrm.extra.perf.PAPI_L3_TCM.122931,9629970303.0
1751801567.1227539,nrm.extra.perf.PAPI_L3_TCA.122931,11855972220.0
1751801567.1227539,nrm.extra.perf.PAPI_TOT_INS.122931,3726454777629.0
1751801567.1227539,nrm.extra.perf.PAPI_TOT_CYC.122931,4132570630366.0
1751801567.1227539,nrm.extra.perf.PAPI_RES_STL.122931,1442380193049.0
1751801567.1227539,nrm.extra.perf.PAPI_L3_TCM.122931,10315537975.0
1751801568.1226845,nrm.extra.perf.PAPI_L3_TCA.122931,12601099742.0
1751801568.1226845,nrm.extra.perf.PAPI_TOT_INS.122931,3969792139458.0
1751801568.1226845,nrm.extra.perf.PAPI_TOT_CYC.122931,4388521643838.0
1751801568.1226845,nrm.extra.perf.PAPI_RES_STL.122931,1530768422480.0
1751801568.1226845,nrm.extra.perf.PAPI_L3_TCM.122931,10964719701.0
1751801569.125633,nrm.extra.perf.PAPI_L3_TCA.122931,13351734482.0
1751801569.125633,nrm.extra.perf.PAPI_TOT_INS.122931,4210748366721.0
1751801569.125633,nrm.extra.perf.PAPI_TOT_CYC.122931,4645196330972.0
1751801569.125633,nrm.extra.perf.PAPI_RES_STL.122931,1620836567208.0
1751801569.125633,nrm.extra.perf.PAPI_L3_TCM.122931,11621518949.0
1751801570.122565,nrm.extra.perf.PAPI_L3_TCA.122931,14141985797.0
1751801570.122565,nrm.extra.perf.PAPI_TOT_INS.122931,4444294624771.0
1751801570.122565,nrm.extra.perf.PAPI_TOT_CYC.122931,4902057849575.0
1751801570.122565,nrm.extra.perf.PAPI_RES_STL.122931,1712193466960.0
1751801570.122565,nrm.extra.perf.PAPI_L3_TCM.122931,12308020267.0
1751801571.122927,nrm.extra.perf.PAPI_L3_TCA.122931,14902211178.0
1751801571.122927,nrm.extra.perf.PAPI_TOT_INS.122931,4685490355235.0
1751801571.122927,nrm.extra.perf.PAPI_TOT_CYC.122931,5158652657984.0
1751801571.122927,nrm.extra.perf.PAPI_RES_STL.122931,1801446490939.0
1751801571.122927,nrm.extra.perf.PAPI_L3_TCM.122931,12967428954.0
1751801572.1232672,nrm.extra.perf.PAPI_L3_TCA.122931,15644103664.0
1751801572.1232672,nrm.extra.perf.PAPI_TOT_INS.122931,4925885394010.0
1751801572.1232672,nrm.extra.perf.PAPI_TOT_CYC.122931,5409379793971.0
1751801572.1232672,nrm.extra.perf.PAPI_RES_STL.122931,1882641490887.0
1751801572.1232672,nrm.extra.perf.PAPI_L3_TCM.122931,13612593485.0
1751801573.122227,nrm.extra.perf.PAPI_L3_TCA.122931,16385031888.0
1751801573.122227,nrm.extra.perf.PAPI_TOT_INS.122931,5165089688440.0
1751801573.122227,nrm.extra.perf.PAPI_TOT_CYC.122931,5662706333852.0
1751801573.122227,nrm.extra.perf.PAPI_RES_STL.122931,1963693061501.0
1751801573.122227,nrm.extra.perf.PAPI_L3_TCM.122931,14257995886.0
1751801574.1236422,nrm.extra.perf.PAPI_L3_TCA.122931,17206665437.0
1751801574.1236422,nrm.extra.perf.PAPI_TOT_INS.122931,5405319550322.0
1751801574.1236422,nrm.extra.perf.PAPI_TOT_CYC.122931,5919076551097.0
1751801574.1236422,nrm.extra.perf.PAPI_RES_STL.122931,2051802628593.0
1751801574.1236422,nrm.extra.perf.PAPI_L3_TCM.122931,14974159201.0
1751801575.1226645,nrm.extra.perf.PAPI_L3_TCA.122931,17951447970.0
1751801575.1226645,nrm.extra.perf.PAPI_TOT_INS.122931,5649220845106.0
1751801575.1226645,nrm.extra.perf.PAPI_TOT_CYC.122931,6174070710278.0
1751801575.1226645,nrm.extra.perf.PAPI_RES_STL.122931,2133533857560.0
1751801575.1226645,nrm.extra.perf.PAPI_L3_TCM.122931,15623818606.0
1751801576.125561,nrm.extra.perf.PAPI_L3_TCA.122931,18728621970.0
1751801576.125561,nrm.extra.perf.PAPI_TOT_INS.122931,5892407290079.0
1751801576.125561,nrm.extra.perf.PAPI_TOT_CYC.122931,6429623496470.0
1751801576.125561,nrm.extra.perf.PAPI_RES_STL.122931,2219637865335.0
1751801576.125561,nrm.extra.perf.PAPI_L3_TCM.122931,16310490466.0
1751801577.1224852,nrm.extra.perf.PAPI_L3_TCA.122931,19427112050.0
1751801577.1224852,nrm.extra.perf.PAPI_TOT_INS.122931,6123151497018.0
1751801577.1224852,nrm.extra.perf.PAPI_TOT_CYC.122931,6684710144462.0
1751801577.1224852,nrm.extra.perf.PAPI_RES_STL.122931,2295279750963.0
1751801577.1224852,nrm.extra.perf.PAPI_L3_TCM.122931,16911549648.0
1751801578.1228287,nrm.extra.perf.PAPI_L3_TCA.122931,20249980214.0
1751801578.1228287,nrm.extra.perf.PAPI_TOT_INS.122931,6364359346347.0
1751801578.1228287,nrm.extra.perf.PAPI_TOT_CYC.122931,6941659621250.0
1751801578.1228287,nrm.extra.perf.PAPI_RES_STL.122931,2382979090956.0
1751801578.1228287,nrm.extra.perf.PAPI_L3_TCM.122931,17628386036.0
1751801579.1245863,nrm.extra.perf.PAPI_L3_TCA.122931,20900571222.0
1751801579.1245863,nrm.extra.perf.PAPI_TOT_INS.122931,6589135961795.0
1751801579.1245863,nrm.extra.perf.PAPI_TOT_CYC.122931,7199629747570.0
1751801579.1245863,nrm.extra.perf.PAPI_RES_STL.122931,2455548959642.0
1751801579.1245863,nrm.extra.perf.PAPI_L3_TCM.122931,18198445738.0
1751801580.1227717,nrm.extra.perf.PAPI_L3_TCA.122931,21643903752.0
1751801580.1227717,nrm.extra.perf.PAPI_TOT_INS.122931,6821643657478.0
1751801580.1227717,nrm.extra.perf.PAPI_TOT_CYC.122931,7456537908262.0
1751801580.1227717,nrm.extra.perf.PAPI_RES_STL.122931,2536826675337.0
1751801580.1227717,nrm.extra.perf.PAPI_L3_TCM.122931,18845476327.0
1751801581.122643,nrm.extra.perf.PAPI_L3_TCA.122931,22351030835.0
1751801581.122643,nrm.extra.perf.PAPI_TOT_INS.122931,7036366002821.0
1751801581.122643,nrm.extra.perf.PAPI_TOT_CYC.122931,7718366114693.0
1751801581.122643,nrm.extra.perf.PAPI_RES_STL.122931,2612066257022.0
1751801581.122643,nrm.extra.perf.PAPI_L3_TCM.122931,19462432763.0
1751801582.1248696,nrm.extra.perf.PAPI_L3_TCA.122931,23033099667.0
1751801582.1248696,nrm.extra.perf.PAPI_TOT_INS.122931,7259533845915.0
1751801582.1248696,nrm.extra.perf.PAPI_TOT_CYC.122931,7967545087839.0
1751801582.1248696,nrm.extra.perf.PAPI_RES_STL.122931,2685854243560.0
1751801582.1248696,nrm.extra.perf.PAPI_L3_TCM.122931,20064342114.0
1751801583.1229036,nrm.extra.perf.PAPI_L3_TCA.122931,23720525505.0
1751801583.1229036,nrm.extra.perf.PAPI_TOT_INS.122931,7480988632477.0
1751801583.1229036,nrm.extra.perf.PAPI_TOT_CYC.122931,8227789414060.0
1751801583.1229036,nrm.extra.perf.PAPI_RES_STL.122931,2759963012246.0
1751801583.1229036,nrm.extra.perf.PAPI_L3_TCM.122931,20655521674.0
1751801584.1232896,nrm.extra.perf.PAPI_L3_TCA.122931,24353375678.0
1751801584.1232896,nrm.extra.perf.PAPI_TOT_INS.122931,7688629852030.0
1751801584.1232896,nrm.extra.perf.PAPI_TOT_CYC.122931,8483901207824.0
1751801584.1232896,nrm.extra.perf.PAPI_RES_STL.122931,2828539109051.0
1751801584.1232896,nrm.extra.perf.PAPI_L3_TCM.122931,21206299212.0
1751801585.122611,nrm.extra.perf.PAPI_L3_TCA.122931,25079230012.0
1751801585.122611,nrm.extra.perf.PAPI_TOT_INS.122931,7911811069093.0
1751801585.122611,nrm.extra.perf.PAPI_TOT_CYC.122931,8743348360511.0
1751801585.122611,nrm.extra.perf.PAPI_RES_STL.122931,2908412764080.0
1751801585.122611,nrm.extra.perf.PAPI_L3_TCM.122931,21840233494.0
1751801586.1230042,nrm.extra.perf.PAPI_L3_TCA.122931,25822411045.0
1751801586.1230042,nrm.extra.perf.PAPI_TOT_INS.122931,8154017012652.0
1751801586.1230042,nrm.extra.perf.PAPI_TOT_CYC.122931,8998628156794.0
1751801586.1230042,nrm.extra.perf.PAPI_RES_STL.122931,2992045937100.0
1751801586.1230042,nrm.extra.perf.PAPI_L3_TCM.122931,22486604275.0
1751801587.125406,nrm.extra.perf.PAPI_L3_TCA.122931,26573317977.0
1751801587.125406,nrm.extra.perf.PAPI_TOT_INS.122931,8392361122496.0
1751801587.125406,nrm.extra.perf.PAPI_TOT_CYC.122931,9254715000789.0
1751801587.125406,nrm.extra.perf.PAPI_RES_STL.122931,3077704211181.0
1751801587.125406,nrm.extra.perf.PAPI_L3_TCM.122931,23143240394.0
1751801588.1228278,nrm.extra.perf.PAPI_L3_TCA.122931,27289850420.0
1751801588.1228278,nrm.extra.perf.PAPI_TOT_INS.122931,8619103092433.0
1751801588.1228278,nrm.extra.perf.PAPI_TOT_CYC.122931,9514138116251.0
1751801588.1228278,nrm.extra.perf.PAPI_RES_STL.122931,3157262399765.0
1751801588.1228278,nrm.extra.perf.PAPI_L3_TCM.122931,23762781569.0
1751801589.1259565,nrm.extra.perf.PAPI_L3_TCA.122931,28063240445.0
1751801589.1259565,nrm.extra.perf.PAPI_TOT_INS.122931,8858265622539.0
1751801589.1259565,nrm.extra.perf.PAPI_TOT_CYC.122931,9771361686128.0
1751801589.1259565,nrm.extra.perf.PAPI_RES_STL.122931,3245541204920.0
1751801589.1259565,nrm.extra.perf.PAPI_L3_TCM.122931,24445134752.0
1751801590.124307,nrm.extra.perf.PAPI_L3_TCA.122931,28817344368.0
1751801590.124307,nrm.extra.perf.PAPI_TOT_INS.122931,9091227783937.0
1751801590.124307,nrm.extra.perf.PAPI_TOT_CYC.122931,10028268269636.0
1751801590.124307,nrm.extra.perf.PAPI_RES_STL.122931,3329453042571.0
1751801590.124307,nrm.extra.perf.PAPI_L3_TCM.122931,25097500998.0
1751801591.1224844,nrm.extra.perf.PAPI_L3_TCA.122931,29540637183.0
1751801591.1224844,nrm.extra.perf.PAPI_TOT_INS.122931,9323370447143.0
1751801591.1224844,nrm.extra.perf.PAPI_TOT_CYC.122931,10284852961715.0
1751801591.1224844,nrm.extra.perf.PAPI_RES_STL.122931,3410378708759.0
1751801591.1224844,nrm.extra.perf.PAPI_L3_TCM.122931,25722574162.0
1751801592.1260064,nrm.extra.perf.PAPI_L3_TCA.122931,30301913428.0
1751801592.1260064,nrm.extra.perf.PAPI_TOT_INS.122931,9555895488492.0
1751801592.1260064,nrm.extra.perf.PAPI_TOT_CYC.122931,10540359748309.0
1751801592.1260064,nrm.extra.perf.PAPI_RES_STL.122931,3495518098689.0
1751801592.1260064,nrm.extra.perf.PAPI_L3_TCM.122931,26387043540.0
1751801593.1226988,nrm.extra.perf.PAPI_L3_TCA.122931,31052804913.0
1751801593.1226988,nrm.extra.perf.PAPI_TOT_INS.122931,9794629173850.0
1751801593.1226988,nrm.extra.perf.PAPI_TOT_CYC.122931,10797375182806.0
1751801593.1226988,nrm.extra.perf.PAPI_RES_STL.122931,3579532913638.0
1751801593.1226988,nrm.extra.perf.PAPI_L3_TCM.122931,27030498804.0
1751801594.1226375,nrm.extra.perf.PAPI_L3_TCA.122931,31794507831.0
1751801594.1226375,nrm.extra.perf.PAPI_TOT_INS.122931,10036240870033.0
1751801594.1226375,nrm.extra.perf.PAPI_TOT_CYC.122931,11052597760103.0
1751801594.1226375,nrm.extra.perf.PAPI_RES_STL.122931,3664476720688.0
1751801594.1226375,nrm.extra.perf.PAPI_L3_TCM.122931,27674293057.0
1751801595.1229506,nrm.extra.perf.PAPI_L3_TCA.122931,32531844052.0
1751801595.1229506,nrm.extra.perf.PAPI_TOT_INS.122931,10271343505630.0
1751801595.1229506,nrm.extra.perf.PAPI_TOT_CYC.122931,11309610978436.0
1751801595.1229506,nrm.extra.perf.PAPI_RES_STL.122931,3749105833610.0
1751801595.1229506,nrm.extra.perf.PAPI_L3_TCM.122931,28310383016.0
1751801596.1226597,nrm.extra.perf.PAPI_L3_TCA.122931,33272515788.0
1751801596.1226597,nrm.extra.perf.PAPI_TOT_INS.122931,10510543531855.0
1751801596.1226597,nrm.extra.perf.PAPI_TOT_CYC.122931,11566310169200.0
1751801596.1226597,nrm.extra.perf.PAPI_RES_STL.122931,3834528364152.0
1751801596.1226597,nrm.extra.perf.PAPI_L3_TCM.122931,28945421806.0
1751801597.1231058,nrm.extra.perf.PAPI_L3_TCA.122931,34089867192.0
1751801597.1231058,nrm.extra.perf.PAPI_TOT_INS.122931,10745198229482.0
1751801597.1231058,nrm.extra.perf.PAPI_TOT_CYC.122931,11824621764136.0
1751801597.1231058,nrm.extra.perf.PAPI_RES_STL.122931,3926571898606.0
1751801597.1231058,nrm.extra.perf.PAPI_L3_TCM.122931,29648200533.0
1751801598.1235344,nrm.extra.perf.PAPI_L3_TCA.122931,34835715215.0
1751801598.1235344,nrm.extra.perf.PAPI_TOT_INS.122931,10990234257674.0
1751801598.1235344,nrm.extra.perf.PAPI_TOT_CYC.122931,12080651218050.0
1751801598.1235344,nrm.extra.perf.PAPI_RES_STL.122931,4012174235941.0
1751801598.1235344,nrm.extra.perf.PAPI_L3_TCM.122931,30290858739.0
1751801599.1224766,nrm.extra.perf.PAPI_L3_TCA.122931,35581318837.0
1751801599.1224766,nrm.extra.perf.PAPI_TOT_INS.122931,11234346010840.0
1751801599.1224766,nrm.extra.perf.PAPI_TOT_CYC.122931,12335861621542.0
1751801599.1224766,nrm.extra.perf.PAPI_RES_STL.122931,4099216669303.0
1751801599.1224766,nrm.extra.perf.PAPI_L3_TCM.122931,30933418540.0
1751801600.1226342,nrm.extra.perf.PAPI_L3_TCA.122931,36395571950.0
1751801600.1226342,nrm.extra.perf.PAPI_TOT_INS.122931,11469277632922.0
1751801600.1226342,nrm.extra.perf.PAPI_TOT_CYC.122931,12593805967043.0
1751801600.1226342,nrm.extra.perf.PAPI_RES_STL.122931,4190423332093.0
1751801600.1226342,nrm.extra.perf.PAPI_L3_TCM.122931,31637344604.0
1751801601.1230154,nrm.extra.perf.PAPI_L3_TCA.122931,37141830325.0
1751801601.1230154,nrm.extra.perf.PAPI_TOT_INS.122931,11712177688084.0
1751801601.1230154,nrm.extra.perf.PAPI_TOT_CYC.122931,12849533630976.0
1751801601.1230154,nrm.extra.perf.PAPI_RES_STL.122931,4276025507711.0
1751801601.1230154,nrm.extra.perf.PAPI_L3_TCM.122931,32282726081.0
1751801602.1230216,nrm.extra.perf.PAPI_L3_TCA.122931,37887966069.0
1751801602.1230216,nrm.extra.perf.PAPI_TOT_INS.122931,11957713150547.0
1751801602.1230216,nrm.extra.perf.PAPI_TOT_CYC.122931,13105337627627.0
1751801602.1230216,nrm.extra.perf.PAPI_RES_STL.122931,4362952077973.0
1751801602.1230216,nrm.extra.perf.PAPI_L3_TCM.122931,32927201651.0
1751801603.12339,nrm.extra.perf.PAPI_L3_TCA.122931,38685191788.0
1751801603.12339,nrm.extra.perf.PAPI_TOT_INS.122931,12193263103982.0
1751801603.12339,nrm.extra.perf.PAPI_TOT_CYC.122931,13362806619429.0
1751801603.12339,nrm.extra.perf.PAPI_RES_STL.122931,4453908973355.0
1751801603.12339,nrm.extra.perf.PAPI_L3_TCM.122931,33618825752.0
1751801604.1224048,nrm.extra.perf.PAPI_L3_TCA.122931,39444718546.0
1751801604.1224048,nrm.extra.perf.PAPI_TOT_INS.122931,12433621030190.0
1751801604.1224048,nrm.extra.perf.PAPI_TOT_CYC.122931,13619705948282.0
1751801604.1224048,nrm.extra.perf.PAPI_RES_STL.122931,4537837023317.0
1751801604.1224048,nrm.extra.perf.PAPI_L3_TCM.122931,34275585292.0
1751801605.1227167,nrm.extra.perf.PAPI_L3_TCA.122931,40185578968.0
1751801605.1227167,nrm.extra.perf.PAPI_TOT_INS.122931,12673343867536.0
1751801605.1227167,nrm.extra.perf.PAPI_TOT_CYC.122931,13876233020139.0
1751801605.1227167,nrm.extra.perf.PAPI_RES_STL.122931,4620932153823.0
1751801605.1227167,nrm.extra.perf.PAPI_L3_TCM.122931,34921589804.0
1751801606.1231372,nrm.extra.perf.PAPI_L3_TCA.122931,40926036341.0
1751801606.1231372,nrm.extra.perf.PAPI_TOT_INS.122931,12912113468432.0
1751801606.1231372,nrm.extra.perf.PAPI_TOT_CYC.122931,14130445015205.0
1751801606.1231372,nrm.extra.perf.PAPI_RES_STL.122931,4704587705608.0
1751801606.1231372,nrm.extra.perf.PAPI_L3_TCM.122931,35566996308.0
1751801607.1255243,nrm.extra.perf.PAPI_L3_TCA.122931,41665050896.0
1751801607.1255243,nrm.extra.perf.PAPI_TOT_INS.122931,13148251546222.0
1751801607.1255243,nrm.extra.perf.PAPI_TOT_CYC.122931,14387124933164.0
1751801607.1255243,nrm.extra.perf.PAPI_RES_STL.122931,4789317842502.0
1751801607.1255243,nrm.extra.perf.PAPI_L3_TCM.122931,36217145923.0
1751801608.1251674,nrm.extra.perf.PAPI_L3_TCA.122931,42473626389.0
1751801608.1251674,nrm.extra.perf.PAPI_TOT_INS.122931,13382320099755.0
1751801608.1251674,nrm.extra.perf.PAPI_TOT_CYC.122931,14644080726957.0
1751801608.1251674,nrm.extra.perf.PAPI_RES_STL.122931,4880321188065.0
1751801608.1251674,nrm.extra.perf.PAPI_L3_TCM.122931,36919188867.0
1751801609.123569,nrm.extra.perf.PAPI_L3_TCA.122931,43224145363.0
1751801609.123569,nrm.extra.perf.PAPI_TOT_INS.122931,13623632519290.0
1751801609.123569,nrm.extra.perf.PAPI_TOT_CYC.122931,14897624683109.0
1751801609.123569,nrm.extra.perf.PAPI_RES_STL.122931,4965004042625.0
1751801609.123569,nrm.extra.perf.PAPI_L3_TCM.122931,37571430829.0
1751801610.122504,nrm.extra.perf.PAPI_L3_TCA.122931,43972292203.0
1751801610.122504,nrm.extra.perf.PAPI_TOT_INS.122931,13871745430229.0
1751801610.122504,nrm.extra.perf.PAPI_TOT_CYC.122931,15153154499765.0
1751801610.122504,nrm.extra.perf.PAPI_RES_STL.122931,5050933975349.0
1751801610.122504,nrm.extra.perf.PAPI_L3_TCM.122931,38225086535.0
1751801611.12282,nrm.extra.perf.PAPI_L3_TCA.122931,44700913907.0
1751801611.12282,nrm.extra.perf.PAPI_TOT_INS.122931,14096800446353.0
1751801611.12282,nrm.extra.perf.PAPI_TOT_CYC.122931,15407692785426.0
1751801611.12282,nrm.extra.perf.PAPI_RES_STL.122931,5130859376475.0
1751801611.12282,nrm.extra.perf.PAPI_L3_TCM.122931,38857944975.0
1751801612.1228278,nrm.extra.perf.PAPI_L3_TCA.122931,45432120518.0
1751801612.1228278,nrm.extra.perf.PAPI_TOT_INS.122931,14327193028768.0
1751801612.1228278,nrm.extra.perf.PAPI_TOT_CYC.122931,15666984158143.0
1751801612.1228278,nrm.extra.perf.PAPI_RES_STL.122931,5212670079083.0
1751801612.1228278,nrm.extra.perf.PAPI_L3_TCM.122931,39492079195.0
1751801613.1247232,nrm.extra.perf.PAPI_L3_TCA.122931,46119332109.0
1751801613.1247232,nrm.extra.perf.PAPI_TOT_INS.122931,14542958061416.0
1751801613.1247232,nrm.extra.perf.PAPI_TOT_CYC.122931,15925410882100.0
1751801613.1247232,nrm.extra.perf.PAPI_RES_STL.122931,5290610201811.0
1751801613.1247232,nrm.extra.perf.PAPI_L3_TCM.122931,40093301138.0
1751801614.1231465,nrm.extra.perf.PAPI_L3_TCA.122931,46798328967.0
1751801614.1231465,nrm.extra.perf.PAPI_TOT_INS.122931,14768077331819.0
1751801614.1231465,nrm.extra.perf.PAPI_TOT_CYC.122931,16185169573763.0
1751801614.1231465,nrm.extra.perf.PAPI_RES_STL.122931,5367167029560.0
1751801614.1231465,nrm.extra.perf.PAPI_L3_TCM.122931,40676041411.0
1751801615.122911,nrm.extra.perf.PAPI_L3_TCA.122931,47528299618.0
1751801615.122911,nrm.extra.perf.PAPI_TOT_INS.122931,14996772476435.0
1751801615.122911,nrm.extra.perf.PAPI_TOT_CYC.122931,16442151753148.0
1751801615.122911,nrm.extra.perf.PAPI_RES_STL.122931,5449827781898.0
1751801615.122911,nrm.extra.perf.PAPI_L3_TCM.122931,41309905203.0
1751801616.1232677,nrm.extra.perf.PAPI_L3_TCA.122931,48258617909.0
1751801616.1232677,nrm.extra.perf.PAPI_TOT_INS.122931,15225384367450.0
1751801616.1232677,nrm.extra.perf.PAPI_TOT_CYC.122931,16699441173004.0
1751801616.1232677,nrm.extra.perf.PAPI_RES_STL.122931,5532032695662.0
1751801616.1232677,nrm.extra.perf.PAPI_L3_TCM.122931,41940434479.0
1751801617.1225104,nrm.extra.perf.PAPI_L3_TCA.122931,48983938900.0
1751801617.1225104,nrm.extra.perf.PAPI_TOT_INS.122931,15448783908047.0
1751801617.1225104,nrm.extra.perf.PAPI_TOT_CYC.122931,16956933841856.0
1751801617.1225104,nrm.extra.perf.PAPI_RES_STL.122931,5613423799769.0
1751801617.1225104,nrm.extra.perf.PAPI_L3_TCM.122931,42565413484.0
1751801618.124374,nrm.extra.perf.PAPI_L3_TCA.122931,49679811847.0
1751801618.124374,nrm.extra.perf.PAPI_TOT_INS.122931,15675005312040.0
1751801618.124374,nrm.extra.perf.PAPI_TOT_CYC.122931,17213640802738.0
1751801618.124374,nrm.extra.perf.PAPI_RES_STL.122931,5693512002611.0
1751801618.124374,nrm.extra.perf.PAPI_L3_TCM.122931,43169302087.0
1751801619.1228275,nrm.extra.perf.PAPI_L3_TCA.122931,50450826606.0
1751801619.1228275,nrm.extra.perf.PAPI_TOT_INS.122931,15911544368891.0
1751801619.1228275,nrm.extra.perf.PAPI_TOT_CYC.122931,17470236671086.0
1751801619.1228275,nrm.extra.perf.PAPI_RES_STL.122931,5781362759737.0
1751801619.1228275,nrm.extra.perf.PAPI_L3_TCM.122931,43831207601.0
1751801620.1232193,nrm.extra.perf.PAPI_L3_TCA.122931,51190465816.0
1751801620.1232193,nrm.extra.perf.PAPI_TOT_INS.122931,16149452230904.0
1751801620.1232193,nrm.extra.perf.PAPI_TOT_CYC.122931,17726048953575.0
1751801620.1232193,nrm.extra.perf.PAPI_RES_STL.122931,5866945372053.0
1751801620.1232193,nrm.extra.perf.PAPI_L3_TCM.122931,44471963114.0
1751801621.1232448,nrm.extra.perf.PAPI_L3_TCA.122931,51913129267.0
1751801621.1232448,nrm.extra.perf.PAPI_TOT_INS.122931,16370843560376.0
1751801621.1232448,nrm.extra.perf.PAPI_TOT_CYC.122931,17982621645089.0
1751801621.1232448,nrm.extra.perf.PAPI_RES_STL.122931,5949960912748.0
1751801621.1232448,nrm.extra.perf.PAPI_L3_TCM.122931,45096446994.0
1751801622.1250226,nrm.extra.perf.PAPI_L3_TCA.122931,52644823159.0
1751801622.1250226,nrm.extra.perf.PAPI_TOT_INS.122931,16602346978138.0
1751801622.1250226,nrm.extra.perf.PAPI_TOT_CYC.122931,18235856042777.0
1751801622.1250226,nrm.extra.perf.PAPI_RES_STL.122931,6034043821893.0
1751801622.1250226,nrm.extra.perf.PAPI_L3_TCM.122931,45730548456.0
1751801623.1233602,nrm.extra.perf.PAPI_L3_TCA.122931,53391965383.0
1751801623.1233602,nrm.extra.perf.PAPI_TOT_INS.122931,16843935883378.0
1751801623.1233602,nrm.extra.perf.PAPI_TOT_CYC.122931,18491894459089.0
1751801623.1233602,nrm.extra.perf.PAPI_RES_STL.122931,6120481914255.0
1751801623.1233602,nrm.extra.perf.PAPI_L3_TCM.122931,46375940039.0
1751801624.1227562,nrm.extra.perf.PAPI_L3_TCA.122931,54136933602.0
1751801624.1227562,nrm.extra.perf.PAPI_TOT_INS.122931,17087908391562.0
1751801624.1227562,nrm.extra.perf.PAPI_TOT_CYC.122931,18747079179543.0
1751801624.1227562,nrm.extra.perf.PAPI_RES_STL.122931,6207850293184.0
1751801624.1227562,nrm.extra.perf.PAPI_L3_TCM.122931,47019429304.0
1751801625.1250074,nrm.extra.perf.PAPI_L3_TCA.122931,54928625960.0
1751801625.1250074,nrm.extra.perf.PAPI_TOT_INS.122931,17325695242231.0
1751801625.1250074,nrm.extra.perf.PAPI_TOT_CYC.122931,19004568188812.0
1751801625.1250074,nrm.extra.perf.PAPI_RES_STL.122931,6300157138550.0
1751801625.1250074,nrm.extra.perf.PAPI_L3_TCM.122931,47710858797.0
1751801626.123537,nrm.extra.perf.PAPI_L3_TCA.122931,55693016534.0
1751801626.123537,nrm.extra.perf.PAPI_TOT_INS.122931,17560728917918.0
1751801626.123537,nrm.extra.perf.PAPI_TOT_CYC.122931,19262593697248.0
1751801626.123537,nrm.extra.perf.PAPI_RES_STL.122931,6388119427576.0
1751801626.123537,nrm.extra.perf.PAPI_L3_TCM.122931,48368434807.0
1751801627.1229122,nrm.extra.perf.PAPI_L3_TCA.122931,56436588832.0
1751801627.1229122,nrm.extra.perf.PAPI_TOT_INS.122931,17802836210021.0
1751801627.1229122,nrm.extra.perf.PAPI_TOT_CYC.122931,19518681632595.0
1751801627.1229122,nrm.extra.perf.PAPI_RES_STL.122931,6475565169297.0
1751801627.1229122,nrm.extra.perf.PAPI_L3_TCM.122931,49015070576.0
1751801628.1229212,nrm.extra.perf.PAPI_L3_TCA.122931,57173943258.0
1751801628.1229212,nrm.extra.perf.PAPI_TOT_INS.122931,18038464166002.0
1751801628.1229212,nrm.extra.perf.PAPI_TOT_CYC.122931,19776564370194.0
1751801628.1229212,nrm.extra.perf.PAPI_RES_STL.122931,6560494840507.0
1751801628.1229212,nrm.extra.perf.PAPI_L3_TCM.122931,49655487816.0
1751801629.1264858,nrm.extra.perf.PAPI_L3_TCA.122931,57921994264.0
1751801629.1264858,nrm.extra.perf.PAPI_TOT_INS.122931,18279768066268.0
1751801629.1264858,nrm.extra.perf.PAPI_TOT_CYC.122931,20032357338959.0
1751801629.1264858,nrm.extra.perf.PAPI_RES_STL.122931,6649032709720.0
1751801629.1264858,nrm.extra.perf.PAPI_L3_TCM.122931,50311472887.0
1751801630.1268656,nrm.extra.perf.PAPI_L3_TCA.122931,58720154349.0
1751801630.1268656,nrm.extra.perf.PAPI_TOT_INS.122931,18513854360467.0
1751801630.1268656,nrm.extra.perf.PAPI_TOT_CYC.122931,20290920823509.0
1751801630.1268656,nrm.extra.perf.PAPI_RES_STL.122931,6740296385076.0
1751801630.1268656,nrm.extra.perf.PAPI_L3_TCM.122931,51009789696.0
1751801631.1235523,nrm.extra.perf.PAPI_L3_TCA.122931,59462807754.0
1751801631.1235523,nrm.extra.perf.PAPI_TOT_INS.122931,18745908562770.0
1751801631.1235523,nrm.extra.perf.PAPI_TOT_CYC.122931,20547918107897.0
1751801631.1235523,nrm.extra.perf.PAPI_RES_STL.122931,6826117072039.0
1751801631.1235523,nrm.extra.perf.PAPI_L3_TCM.122931,51650610805.0
1751801632.1226842,nrm.extra.perf.PAPI_L3_TCA.122931,60207812350.0
1751801632.1226842,nrm.extra.perf.PAPI_TOT_INS.122931,18986498971015.0
1751801632.1226842,nrm.extra.perf.PAPI_TOT_CYC.122931,20804087821608.0
1751801632.1226842,nrm.extra.perf.PAPI_RES_STL.122931,6912872056986.0
1751801632.1226842,nrm.extra.perf.PAPI_L3_TCM.122931,52298236947.0
1751801633.1230538,nrm.extra.perf.PAPI_L3_TCA.122931,60952471811.0
1751801633.1230538,nrm.extra.perf.PAPI_TOT_INS.122931,19229047345021.0
1751801633.1230538,nrm.extra.perf.PAPI_TOT_CYC.122931,21059736820448.0
1751801633.1230538,nrm.extra.perf.PAPI_RES_STL.122931,6999561659385.0
1751801633.1230538,nrm.extra.perf.PAPI_L3_TCM.122931,52942826229.0
1751801634.1253142,nrm.extra.perf.PAPI_L3_TCA.122931,61694804378.0
1751801634.1253142,nrm.extra.perf.PAPI_TOT_INS.122931,19467603939214.0
1751801634.1253142,nrm.extra.perf.PAPI_TOT_CYC.122931,21317266855565.0
1751801634.1253142,nrm.extra.perf.PAPI_RES_STL.122931,7087565573476.0
1751801634.1253142,nrm.extra.perf.PAPI_L3_TCM.122931,53593803028.0
1751801635.1226487,nrm.extra.perf.PAPI_L3_TCA.122931,62488119877.0
1751801635.1226487,nrm.extra.perf.PAPI_TOT_INS.122931,19701287577508.0
1751801635.1226487,nrm.extra.perf.PAPI_TOT_CYC.122931,21574525392290.0
1751801635.1226487,nrm.extra.perf.PAPI_RES_STL.122931,7178926264536.0
1751801635.1226487,nrm.extra.perf.PAPI_L3_TCM.122931,54285808096.0
1751801636.1225963,nrm.extra.perf.PAPI_L3_TCA.122931,63143673301.0
1751801636.1225963,nrm.extra.perf.PAPI_TOT_INS.122931,19913306660601.0
1751801636.1225963,nrm.extra.perf.PAPI_TOT_CYC.122931,21837793301351.0
1751801636.1225963,nrm.extra.perf.PAPI_RES_STL.122931,7255942443987.0
1751801636.1225963,nrm.extra.perf.PAPI_L3_TCM.122931,54859344492.0
1751801637.1224995,nrm.extra.perf.PAPI_L3_TCA.122931,63781107666.0
1751801637.1224995,nrm.extra.perf.PAPI_TOT_INS.122931,20126052151533.0
1751801637.1224995,nrm.extra.perf.PAPI_TOT_CYC.122931,22098447208525.0
1751801637.1224995,nrm.extra.perf.PAPI_RES_STL.122931,7332937741620.0
1751801637.1224995,nrm.extra.perf.PAPI_L3_TCM.122931,55419610111.0
1751801638.1228716,nrm.extra.perf.PAPI_L3_TCA.122931,64405137478.0
1751801638.1228716,nrm.extra.perf.PAPI_TOT_INS.122931,20324543403969.0
1751801638.1228716,nrm.extra.perf.PAPI_TOT_CYC.122931,22360731999033.0
1751801638.1228716,nrm.extra.perf.PAPI_RES_STL.122931,7407592394427.0
1751801638.1228716,nrm.extra.perf.PAPI_L3_TCM.122931,55967486365.0
1751801639.123318,nrm.extra.perf.PAPI_L3_TCA.122931,65133772319.0
1751801639.123318,nrm.extra.perf.PAPI_TOT_INS.122931,20549567113836.0
1751801639.123318,nrm.extra.perf.PAPI_TOT_CYC.122931,22620638379986.0
1751801639.123318,nrm.extra.perf.PAPI_RES_STL.122931,7495602784095.0
1751801639.123318,nrm.extra.perf.PAPI_L3_TCM.122931,56603745082.0
1751801640.1227071,nrm.extra.perf.PAPI_L3_TCA.122931,65776911351.0
1751801640.1227071,nrm.extra.perf.PAPI_TOT_INS.122931,20768876362242.0
1751801640.1227071,nrm.extra.perf.PAPI_TOT_CYC.122931,22880430783555.0
1751801640.1227071,nrm.extra.perf.PAPI_RES_STL.122931,7574660325642.0
1751801640.1227071,nrm.extra.perf.PAPI_L3_TCM.122931,57165152387.0
1751801641.1228886,nrm.extra.perf.PAPI_L3_TCA.122931,66498696038.0
1751801641.1228886,nrm.extra.perf.PAPI_TOT_INS.122931,20987699294844.0
1751801641.1228886,nrm.extra.perf.PAPI_TOT_CYC.122931,23142899035146.0
1751801641.1228886,nrm.extra.perf.PAPI_RES_STL.122931,7661883215176.0
1751801641.1228886,nrm.extra.perf.PAPI_L3_TCM.122931,57795111435.0
1751801642.1232507,nrm.extra.perf.PAPI_L3_TCA.122931,67238821682.0
1751801642.1232507,nrm.extra.perf.PAPI_TOT_INS.122931,21227191923000.0
1751801642.1232507,nrm.extra.perf.PAPI_TOT_CYC.122931,23399418313377.0
1751801642.1232507,nrm.extra.perf.PAPI_RES_STL.122931,7749342332383.0
1751801642.1232507,nrm.extra.perf.PAPI_L3_TCM.122931,58435289015.0
1751801643.1252296,nrm.extra.perf.PAPI_L3_TCA.122931,67997187804.0
1751801643.1252296,nrm.extra.perf.PAPI_TOT_INS.122931,21470897447836.0
1751801643.1252296,nrm.extra.perf.PAPI_TOT_CYC.122931,23656325898136.0
1751801643.1252296,nrm.extra.perf.PAPI_RES_STL.122931,7836776761605.0
1751801643.1252296,nrm.extra.perf.PAPI_L3_TCM.122931,59088707717.0
1751801644.1232316,nrm.extra.perf.PAPI_L3_TCA.122931,68713920551.0
1751801644.1232316,nrm.extra.perf.PAPI_TOT_INS.122931,21700956881639.0
1751801644.1232316,nrm.extra.perf.PAPI_TOT_CYC.122931,23912407501368.0
1751801644.1232316,nrm.extra.perf.PAPI_RES_STL.122931,7915967240495.0
1751801644.1232316,nrm.extra.perf.PAPI_L3_TCM.122931,59702199714.0
1751801645.124975,nrm.extra.perf.PAPI_L3_TCA.122931,69352782472.0
1751801645.124975,nrm.extra.perf.PAPI_TOT_INS.122931,21908127219630.0
1751801645.124975,nrm.extra.perf.PAPI_TOT_CYC.122931,24175958116936.0
1751801645.124975,nrm.extra.perf.PAPI_RES_STL.122931,7987926653677.0
1751801645.124975,nrm.extra.perf.PAPI_L3_TCM.122931,60259559243.0
1751801646.1229877,nrm.extra.perf.PAPI_L3_TCA.122931,70088387645.0
1751801646.1229877,nrm.extra.perf.PAPI_TOT_INS.122931,22140069330529.0
1751801646.1229877,nrm.extra.perf.PAPI_TOT_CYC.122931,24430852614967.0
1751801646.1229877,nrm.extra.perf.PAPI_RES_STL.122931,8070224441127.0
1751801646.1229877,nrm.extra.perf.PAPI_L3_TCM.122931,60895960352.0
1751801647.123353,nrm.extra.perf.PAPI_L3_TCA.122931,70808420753.0
1751801647.123353,nrm.extra.perf.PAPI_TOT_INS.122931,22369290838589.0
1751801647.123353,nrm.extra.perf.PAPI_TOT_CYC.122931,24691502440498.0
1751801647.123353,nrm.extra.perf.PAPI_RES_STL.122931,8151364116017.0
1751801647.123353,nrm.extra.perf.PAPI_L3_TCM.122931,61522597375.0
1751801648.122335,nrm.extra.perf.PAPI_L3_TCA.122931,71528423872.0
1751801648.122335,nrm.extra.perf.PAPI_TOT_INS.122931,22586437508289.0
1751801648.122335,nrm.extra.perf.PAPI_TOT_CYC.122931,24953245981671.0
1751801648.122335,nrm.extra.perf.PAPI_RES_STL.122931,8231459545929.0
1751801648.122335,nrm.extra.perf.PAPI_L3_TCM.122931,62148165221.0
1751801649.1226873,nrm.extra.perf.PAPI_L3_TCA.122931,72265734852.0
1751801649.1226873,nrm.extra.perf.PAPI_TOT_INS.122931,22821768818899.0
1751801649.1226873,nrm.extra.perf.PAPI_TOT_CYC.122931,25212197323506.0
1751801649.1226873,nrm.extra.perf.PAPI_RES_STL.122931,8314631593530.0
1751801649.1226873,nrm.extra.perf.PAPI_L3_TCM.122931,62786306155.0
1751801650.1230164,nrm.extra.perf.PAPI_L3_TCA.122931,73012327895.0
1751801650.1230164,nrm.extra.perf.PAPI_TOT_INS.122931,23067200602499.0
1751801650.1230164,nrm.extra.perf.PAPI_TOT_CYC.122931,25468761049286.0
1751801650.1230164,nrm.extra.perf.PAPI_RES_STL.122931,8400342701433.0
1751801650.1230164,nrm.extra.perf.PAPI_L3_TCM.122931,63429418792.0
1751801651.1229968,nrm.extra.perf.PAPI_L3_TCA.122931,73740213759.0
1751801651.1229968,nrm.extra.perf.PAPI_TOT_INS.122931,23293037566116.0
1751801651.1229968,nrm.extra.perf.PAPI_TOT_CYC.122931,25729607800402.0
1751801651.1229968,nrm.extra.perf.PAPI_RES_STL.122931,8481245710316.0
1751801651.1229968,nrm.extra.perf.PAPI_L3_TCM.122931,64057598432.0
1751801652.1230688,nrm.extra.perf.PAPI_L3_TCA.122931,74493309712.0
1751801652.1230688,nrm.extra.perf.PAPI_TOT_INS.122931,23535077834617.0
1751801652.1230688,nrm.extra.perf.PAPI_TOT_CYC.122931,25986802867925.0
1751801652.1230688,nrm.extra.perf.PAPI_RES_STL.122931,8567636341046.0
1751801652.1230688,nrm.extra.perf.PAPI_L3_TCM.122931,64710495705.0
1751801653.1233528,nrm.extra.perf.PAPI_L3_TCA.122931,75294509543.0
1751801653.1233528,nrm.extra.perf.PAPI_TOT_INS.122931,23769677062259.0
1751801653.1233528,nrm.extra.perf.PAPI_TOT_CYC.122931,26246377001448.0
1751801653.1233528,nrm.extra.perf.PAPI_RES_STL.122931,8656263162312.0
1751801653.1233528,nrm.extra.perf.PAPI_L3_TCM.122931,65403677814.0
1751801654.1223044,nrm.extra.perf.PAPI_L3_TCA.122931,76046313315.0
1751801654.1223044,nrm.extra.perf.PAPI_TOT_INS.122931,24018519707537.0
1751801654.1223044,nrm.extra.perf.PAPI_TOT_CYC.122931,26503146418903.0
1751801654.1223044,nrm.extra.perf.PAPI_RES_STL.122931,8741550518442.0
1751801654.1223044,nrm.extra.perf.PAPI_L3_TCM.122931,66054123377.0
1751801655.1251402,nrm.extra.perf.PAPI_L3_TCA.122931,76800187948.0
1751801655.1251402,nrm.extra.perf.PAPI_TOT_INS.122931,24260330248852.0
1751801655.1251402,nrm.extra.perf.PAPI_TOT_CYC.122931,26759393270279.0
1751801655.1251402,nrm.extra.perf.PAPI_RES_STL.122931,8827893542259.0
1751801655.1251402,nrm.extra.perf.PAPI_L3_TCM.122931,66711146939.0
1751801656.1234956,nrm.extra.perf.PAPI_L3_TCA.122931,77606476699.0
1751801656.1234956,nrm.extra.perf.PAPI_TOT_INS.122931,24496607379226.0
1751801656.1234956,nrm.extra.perf.PAPI_TOT_CYC.122931,27018831458611.0
1751801656.1234956,nrm.extra.perf.PAPI_RES_STL.122931,8914005407148.0
1751801656.1234956,nrm.extra.perf.PAPI_L3_TCM.122931,67398422647.0
1751801657.1228983,nrm.extra.perf.PAPI_L3_TCA.122931,78342505607.0
1751801657.1228983,nrm.extra.perf.PAPI_TOT_INS.122931,24731498992924.0
1751801657.1228983,nrm.extra.perf.PAPI_TOT_CYC.122931,27274900936631.0
1751801657.1228983,nrm.extra.perf.PAPI_RES_STL.122931,8994599705106.0
1751801657.1228983,nrm.extra.perf.PAPI_L3_TCM.122931,68029552120.0
1751801658.1232421,nrm.extra.perf.PAPI_L3_TCA.122931,79086285210.0
1751801658.1232421,nrm.extra.perf.PAPI_TOT_INS.122931,24975374553513.0
1751801658.1232421,nrm.extra.perf.PAPI_TOT_CYC.122931,27531546509740.0
1751801658.1232421,nrm.extra.perf.PAPI_RES_STL.122931,9076456549590.0
1751801658.1232421,nrm.extra.perf.PAPI_L3_TCM.122931,68665963427.0
1751801659.125296,nrm.extra.perf.PAPI_L3_TCA.122931,79881740216.0
1751801659.125296,nrm.extra.perf.PAPI_TOT_INS.122931,25220688998384.0
1751801659.125296,nrm.extra.perf.PAPI_TOT_CYC.122931,27788588070928.0
1751801659.125296,nrm.extra.perf.PAPI_RES_STL.122931,9164616179381.0
1751801659.125296,nrm.extra.perf.PAPI_L3_TCM.122931,69353560164.0
1751801660.1223032,nrm.extra.perf.PAPI_L3_TCA.122931,80659811844.0
1751801660.1223032,nrm.extra.perf.PAPI_TOT_INS.122931,25470294923998.0
1751801660.1223032,nrm.extra.perf.PAPI_TOT_CYC.122931,28044618535590.0
1751801660.1223032,nrm.extra.perf.PAPI_RES_STL.122931,9249471212539.0
1751801660.1223032,nrm.extra.perf.PAPI_L3_TCM.122931,70013211897.0
1751801661.122377,nrm.extra.perf.PAPI_L3_TCA.122931,81464750156.0
1751801661.122377,nrm.extra.perf.PAPI_TOT_INS.122931,25714189846471.0
1751801661.122377,nrm.extra.perf.PAPI_TOT_CYC.122931,28301346655768.0
1751801661.122377,nrm.extra.perf.PAPI_RES_STL.122931,9337883877270.0
1751801661.122377,nrm.extra.perf.PAPI_L3_TCM.122931,70705154450.0
1751801662.1227062,nrm.extra.perf.PAPI_L3_TCA.122931,82234803686.0
1751801662.1227062,nrm.extra.perf.PAPI_TOT_INS.122931,25966708128658.0
1751801662.1227062,nrm.extra.perf.PAPI_TOT_CYC.122931,28558024864591.0
1751801662.1227062,nrm.extra.perf.PAPI_RES_STL.122931,9423149873885.0
1751801662.1227062,nrm.extra.perf.PAPI_L3_TCM.122931,71362387511.0
1751801663.1231608,nrm.extra.perf.PAPI_L3_TCA.122931,83059899538.0
1751801663.1231608,nrm.extra.perf.PAPI_TOT_INS.122931,26211957849336.0
1751801663.1231608,nrm.extra.perf.PAPI_TOT_CYC.122931,28816520407577.0
1751801663.1231608,nrm.extra.perf.PAPI_RES_STL.122931,9512999595754.0
1751801663.1231608,nrm.extra.perf.PAPI_L3_TCM.122931,72068252357.0
1751801664.1231098,nrm.extra.perf.PAPI_L3_TCA.122931,83813150201.0
1751801664.1231098,nrm.extra.perf.PAPI_TOT_INS.122931,26466112506831.0
1751801664.1231098,nrm.extra.perf.PAPI_TOT_CYC.122931,29072171914982.0
1751801664.1231098,nrm.extra.perf.PAPI_RES_STL.122931,9597498612429.0
1751801664.1231098,nrm.extra.perf.PAPI_L3_TCM.122931,72712463749.0
1751801665.1233983,nrm.extra.perf.PAPI_L3_TCA.122931,84637624769.0
1751801665.1233983,nrm.extra.perf.PAPI_TOT_INS.122931,26710283790324.0
1751801665.1233983,nrm.extra.perf.PAPI_TOT_CYC.122931,29329878496696.0
1751801665.1233983,nrm.extra.perf.PAPI_RES_STL.122931,9686744582403.0
1751801665.1233983,nrm.extra.perf.PAPI_L3_TCM.122931,73418484702.0
1751801666.1227608,nrm.extra.perf.PAPI_L3_TCA.122931,85377106186.0
1751801666.1227608,nrm.extra.perf.PAPI_TOT_INS.122931,26948247067366.0
1751801666.1227608,nrm.extra.perf.PAPI_TOT_CYC.122931,29588164917099.0
1751801666.1227608,nrm.extra.perf.PAPI_RES_STL.122931,9768705569099.0
1751801666.1227608,nrm.extra.perf.PAPI_L3_TCM.122931,74051968772.0
1751801667.1230643,nrm.extra.perf.PAPI_L3_TCA.122931,86113395529.0
1751801667.1230643,nrm.extra.perf.PAPI_TOT_INS.122931,27182011145167.0
1751801667.1230643,nrm.extra.perf.PAPI_TOT_CYC.122931,29846816636198.0
1751801667.1230643,nrm.extra.perf.PAPI_RES_STL.122931,9850520646116.0
1751801667.1230643,nrm.extra.perf.PAPI_L3_TCM.122931,74683885722.0
1751801668.1245828,nrm.extra.perf.PAPI_L3_TCA.122931,86872454471.0
1751801668.1245828,nrm.extra.perf.PAPI_TOT_INS.122931,27425077848635.0
1751801668.1245828,nrm.extra.perf.PAPI_TOT_CYC.122931,30103151037457.0
1751801668.1245828,nrm.extra.perf.PAPI_RES_STL.122931,9937302772087.0
1751801668.1245828,nrm.extra.perf.PAPI_L3_TCM.122931,75338072620.0
1751801669.1225038,nrm.extra.perf.PAPI_L3_TCA.122931,87680704134.0
1751801669.1225038,nrm.extra.perf.PAPI_TOT_INS.122931,27667842935835.0
1751801669.1225038,nrm.extra.perf.PAPI_TOT_CYC.122931,30360152468249.0
1751801669.1225038,nrm.extra.perf.PAPI_RES_STL.122931,10025815386147.0
1751801669.1225038,nrm.extra.perf.PAPI_L3_TCM.122931,76030187221.0
1751801670.1229322,nrm.extra.perf.PAPI_L3_TCA.122931,88427291033.0
1751801670.1229322,nrm.extra.perf.PAPI_TOT_INS.122931,27913326716132.0
1751801670.1229322,nrm.extra.perf.PAPI_TOT_CYC.122931,30615553793013.0
1751801670.1229322,nrm.extra.perf.PAPI_RES_STL.122931,10110374046685.0
1751801670.1229322,nrm.extra.perf.PAPI_L3_TCM.122931,76672311263.0
1751801671.12294,nrm.extra.perf.PAPI_L3_TCA.122931,89165034861.0
1751801671.12294,nrm.extra.perf.PAPI_TOT_INS.122931,28149050099052.0
1751801671.12294,nrm.extra.perf.PAPI_TOT_CYC.122931,30874584063983.0
1751801671.12294,nrm.extra.perf.PAPI_RES_STL.122931,10192968751276.0
1751801671.12294,nrm.extra.perf.PAPI_L3_TCM.122931,77305895713.0
1751801672.123362,nrm.extra.perf.PAPI_L3_TCA.122931,89985434742.0
1751801672.123362,nrm.extra.perf.PAPI_TOT_INS.122931,28387595406345.0
1751801672.123362,nrm.extra.perf.PAPI_TOT_CYC.122931,31132582982648.0
1751801672.123362,nrm.extra.perf.PAPI_RES_STL.122931,10282911745017.0
1751801672.123362,nrm.extra.perf.PAPI_L3_TCM.122931,78009253089.0
1751801673.1227152,nrm.extra.perf.PAPI_L3_TCA.122931,90735021722.0
1751801673.1227152,nrm.extra.perf.PAPI_TOT_INS.122931,28636337811717.0
1751801673.1227152,nrm.extra.perf.PAPI_TOT_CYC.122931,31388390724894.0
1751801673.1227152,nrm.extra.perf.PAPI_RES_STL.122931,10367322873026.0
1751801673.1227152,nrm.extra.perf.PAPI_L3_TCM.122931,78653292612.0
1751801674.12305,nrm.extra.perf.PAPI_L3_TCA.122931,91555391470.0
1751801674.12305,nrm.extra.perf.PAPI_TOT_INS.122931,28878296594212.0
1751801674.12305,nrm.extra.perf.PAPI_TOT_CYC.122931,31646719063512.0
1751801674.12305,nrm.extra.perf.PAPI_RES_STL.122931,10457699001559.0
1751801674.12305,nrm.extra.perf.PAPI_L3_TCM.122931,79358331992.0
1751801675.1234276,nrm.extra.perf.PAPI_L3_TCA.122931,92206301201.0
1751801675.1234276,nrm.extra.perf.PAPI_TOT_INS.122931,29104286385647.0
1751801675.1234276,nrm.extra.perf.PAPI_TOT_CYC.122931,31907753207267.0
1751801675.1234276,nrm.extra.perf.PAPI_RES_STL.122931,10530821993615.0
1751801675.1234276,nrm.extra.perf.PAPI_L3_TCM.122931,79919952747.0
1751801676.1247416,nrm.extra.perf.PAPI_L3_TCA.122931,92952801306.0
1751801676.1247416,nrm.extra.perf.PAPI_TOT_INS.122931,29341634907187.0
1751801676.1247416,nrm.extra.perf.PAPI_TOT_CYC.122931,32166016251030.0
1751801676.1247416,nrm.extra.perf.PAPI_RES_STL.122931,10615305966099.0
1751801676.1247416,nrm.extra.perf.PAPI_L3_TCM.122931,80567716703.0
1751801677.1230927,nrm.extra.perf.PAPI_L3_TCA.122931,93570764455.0
1751801677.1230927,nrm.extra.perf.PAPI_TOT_INS.122931,29542692065922.0
1751801677.1230927,nrm.extra.perf.PAPI_TOT_CYC.122931,32427346574457.0
1751801677.1230927,nrm.extra.perf.PAPI_RES_STL.122931,10683089300822.0
1751801677.1230927,nrm.extra.perf.PAPI_L3_TCM.122931,81099516943.0
1751801678.123327,nrm.extra.perf.PAPI_L3_TCA.122931,94306211711.0
1751801678.123327,nrm.extra.perf.PAPI_TOT_INS.122931,29776895560346.0
1751801678.123327,nrm.extra.perf.PAPI_TOT_CYC.122931,32685898275974.0
1751801678.123327,nrm.extra.perf.PAPI_RES_STL.122931,10766289419710.0
1751801678.123327,nrm.extra.perf.PAPI_L3_TCM.122931,81734664433.0
1751801679.124385,nrm.extra.perf.PAPI_L3_TCA.122931,95056317371.0
1751801679.124385,nrm.extra.perf.PAPI_TOT_INS.122931,30011638158244.0
1751801679.124385,nrm.extra.perf.PAPI_TOT_CYC.122931,32944863713817.0
1751801679.124385,nrm.extra.perf.PAPI_RES_STL.122931,10850754389022.0
1751801679.124385,nrm.extra.perf.PAPI_L3_TCM.122931,82384097250.0
1751801680.1227584,nrm.extra.perf.PAPI_L3_TCA.122931,95862007455.0
1751801680.1227584,nrm.extra.perf.PAPI_TOT_INS.122931,30251488621325.0
1751801680.1227584,nrm.extra.perf.PAPI_TOT_CYC.122931,33203531918282.0
1751801680.1227584,nrm.extra.perf.PAPI_RES_STL.122931,10938361940253.0
1751801680.1227584,nrm.extra.perf.PAPI_L3_TCM.122931,83073289869.0
1751801681.1232247,nrm.extra.perf.PAPI_L3_TCA.122931,96610538166.0
1751801681.1232247,nrm.extra.perf.PAPI_TOT_INS.122931,30501228960086.0
1751801681.1232247,nrm.extra.perf.PAPI_TOT_CYC.122931,33459737629202.0
1751801681.1232247,nrm.extra.perf.PAPI_RES_STL.122931,11023188945969.0
1751801681.1232247,nrm.extra.perf.PAPI_L3_TCM.122931,83716817159.0
1751801682.1236877,nrm.extra.perf.PAPI_L3_TCA.122931,97430090560.0
1751801682.1236877,nrm.extra.perf.PAPI_TOT_INS.122931,30740411468626.0
1751801682.1236877,nrm.extra.perf.PAPI_TOT_CYC.122931,33717938434868.0
1751801682.1236877,nrm.extra.perf.PAPI_RES_STL.122931,11113924051753.0
1751801682.1236877,nrm.extra.perf.PAPI_L3_TCM.122931,84423889986.0
1751801683.124615,nrm.extra.perf.PAPI_L3_TCA.122931,98085662351.0
1751801683.124615,nrm.extra.perf.PAPI_TOT_INS.122931,30969916007059.0
1751801683.124615,nrm.extra.perf.PAPI_TOT_CYC.122931,33975487010119.0
1751801683.124615,nrm.extra.perf.PAPI_RES_STL.122931,11188664561850.0
1751801683.124615,nrm.extra.perf.PAPI_L3_TCM.122931,84994478335.0
1751801684.123095,nrm.extra.perf.PAPI_L3_TCA.122931,98800236270.0
1751801684.123095,nrm.extra.perf.PAPI_TOT_INS.122931,31188706104366.0
1751801684.123095,nrm.extra.perf.PAPI_TOT_CYC.122931,34237658880861.0
1751801684.123095,nrm.extra.perf.PAPI_RES_STL.122931,11266602657976.0
1751801684.123095,nrm.extra.perf.PAPI_L3_TCM.122931,85610627190.0
1751801685.1231308,nrm.extra.perf.PAPI_L3_TCA.122931,99504612404.0
1751801685.1231308,nrm.extra.perf.PAPI_TOT_INS.122931,31409341875233.0
1751801685.1231308,nrm.extra.perf.PAPI_TOT_CYC.122931,34497126783381.0
1751801685.1231308,nrm.extra.perf.PAPI_RES_STL.122931,11346105883792.0
1751801685.1231308,nrm.extra.perf.PAPI_L3_TCM.122931,86223255888.0
1751801686.123537,nrm.extra.perf.PAPI_L3_TCA.122931,100156201084.0
1751801686.123537,nrm.extra.perf.PAPI_TOT_INS.122931,31619828011295.0
1751801686.123537,nrm.extra.perf.PAPI_TOT_CYC.122931,34759492130943.0
1751801686.123537,nrm.extra.perf.PAPI_RES_STL.122931,11419366170564.0
1751801686.123537,nrm.extra.perf.PAPI_L3_TCM.122931,86786682840.0
1751801687.1229448,nrm.extra.perf.PAPI_L3_TCA.122931,100896336020.0
1751801687.1229448,nrm.extra.perf.PAPI_TOT_INS.122931,31859089359518.0
1751801687.1229448,nrm.extra.perf.PAPI_TOT_CYC.122931,35017396788523.0
1751801687.1229448,nrm.extra.perf.PAPI_RES_STL.122931,11503861188254.0
1751801687.1229448,nrm.extra.perf.PAPI_L3_TCM.122931,87427045037.0
1751801688.1232715,nrm.extra.perf.PAPI_L3_TCA.122931,101639802219.0
1751801688.1232715,nrm.extra.perf.PAPI_TOT_INS.122931,32101385687928.0
1751801688.1232715,nrm.extra.perf.PAPI_TOT_CYC.122931,35271162242670.0
1751801688.1232715,nrm.extra.perf.PAPI_RES_STL.122931,11588974760546.0
1751801688.1232715,nrm.extra.perf.PAPI_L3_TCM.122931,88070034057.0
1751801689.1222818,nrm.extra.perf.PAPI_L3_TCA.122931,102359229151.0
1751801689.1222818,nrm.extra.perf.PAPI_TOT_INS.122931,32317655853826.0
1751801689.1222818,nrm.extra.perf.PAPI_TOT_CYC.122931,35528128827362.0
1751801689.1222818,nrm.extra.perf.PAPI_RES_STL.122931,11668657549857.0
1751801689.1222818,nrm.extra.perf.PAPI_L3_TCM.122931,88693245788.0
1751801690.1229465,nrm.extra.perf.PAPI_L3_TCA.122931,103087062784.0
1751801690.1229465,nrm.extra.perf.PAPI_TOT_INS.122931,32543502246103.0
1751801690.1229465,nrm.extra.perf.PAPI_TOT_CYC.122931,35788357440873.0
1751801690.1229465,nrm.extra.perf.PAPI_RES_STL.122931,11750605697782.0
1751801690.1229465,nrm.extra.perf.PAPI_L3_TCM.122931,89321611025.0
1751801691.123276,nrm.extra.perf.PAPI_L3_TCA.122931,103836558450.0
1751801691.123276,nrm.extra.perf.PAPI_TOT_INS.122931,32793274579964.0
1751801691.123276,nrm.extra.perf.PAPI_TOT_CYC.122931,36044484840600.0
1751801691.123276,nrm.extra.perf.PAPI_RES_STL.122931,11834630969600.0
1751801691.123276,nrm.extra.perf.PAPI_L3_TCM.122931,89965970213.0
1751801692.122663,nrm.extra.perf.PAPI_L3_TCA.122931,104565163283.0
1751801692.122663,nrm.extra.perf.PAPI_TOT_INS.122931,33020052160391.0
1751801692.122663,nrm.extra.perf.PAPI_TOT_CYC.122931,36300674947353.0
1751801692.122663,nrm.extra.perf.PAPI_RES_STL.122931,11915225867728.0
1751801692.122663,nrm.extra.perf.PAPI_L3_TCM.122931,90595033688.0
1751801692.7747567,nrm.extra.perf.PAPI_L3_TCA.122931,105002289015.0
1751801692.7747567,nrm.extra.perf.PAPI_TOT_INS.122931,33167443469579.0
1751801692.7747567,nrm.extra.perf.PAPI_TOT_CYC.122931,36451525449444.0
1751801692.7747567,nrm.extra.perf.PAPI_RES_STL.122931,11965562552137.0
1751801692.7747567,nrm.extra.perf.PAPI_L3_TCM.122931,90972240492.0
