time,scope,value
1761830153.4709437,nrm.extra.perf.PAPI_L3_TCA.68304,429339846.0
1761830153.4709437,nrm.extra.perf.PAPI_TOT_INS.68304,139184259789.0
1761830153.4709437,nrm.extra.perf.PAPI_TOT_CYC.68304,241366534759.0
1761830153.4709437,nrm.extra.perf.PAPI_RES_STL.68304,117682800247.0
1761830153.4709437,nrm.extra.perf.PAPI_L3_TCM.68304,43198284.0
1761830154.4689155,nrm.extra.perf.PAPI_L3_TCA.68304,850163324.0
1761830154.4689155,nrm.extra.perf.PAPI_TOT_INS.68304,275300209347.0
1761830154.4689155,nrm.extra.perf.PAPI_TOT_CYC.68304,471080160921.0
1761830154.4689155,nrm.extra.perf.PAPI_RES_STL.68304,232558808960.0
1761830154.4689155,nrm.extra.perf.PAPI_L3_TCM.68304,85689447.0
1761830155.470846,nrm.extra.perf.PAPI_L3_TCA.68304,1270102559.0
1761830155.470846,nrm.extra.perf.PAPI_TOT_INS.68304,411124336867.0
1761830155.470846,nrm.extra.perf.PAPI_TOT_CYC.68304,701468833608.0
1761830155.470846,nrm.extra.perf.PAPI_RES_STL.68304,347196985217.0
1761830155.470846,nrm.extra.perf.PAPI_L3_TCM.68304,127986324.0
1761830156.4689338,nrm.extra.perf.PAPI_L3_TCA.68304,1689420959.0
1761830156.4689338,nrm.extra.perf.PAPI_TOT_INS.68304,547052833531.0
1761830156.4689338,nrm.extra.perf.PAPI_TOT_CYC.68304,931004683237.0
1761830156.4689338,nrm.extra.perf.PAPI_RES_STL.68304,461419060101.0
1761830156.4689338,nrm.extra.perf.PAPI_L3_TCM.68304,169572664.0
1761830157.4689527,nrm.extra.perf.PAPI_L3_TCA.68304,2108042687.0
1761830157.4689527,nrm.extra.perf.PAPI_TOT_INS.68304,682773663528.0
1761830157.4689527,nrm.extra.perf.PAPI_TOT_CYC.68304,1160815287875.0
1761830157.4689527,nrm.extra.perf.PAPI_RES_STL.68304,575513734863.0
1761830157.4689527,nrm.extra.perf.PAPI_L3_TCM.68304,210869321.0
1761830158.469904,nrm.extra.perf.PAPI_L3_TCA.68304,2531502098.0
1761830158.469904,nrm.extra.perf.PAPI_TOT_INS.68304,819894894729.0
1761830158.469904,nrm.extra.perf.PAPI_TOT_CYC.68304,1391489803298.0
1761830158.469904,nrm.extra.perf.PAPI_RES_STL.68304,690639649441.0
1761830158.469904,nrm.extra.perf.PAPI_L3_TCM.68304,252515961.0
1761830159.4689171,nrm.extra.perf.PAPI_L3_TCA.68304,2951706585.0
1761830159.4689171,nrm.extra.perf.PAPI_TOT_INS.68304,955832798596.0
1761830159.4689171,nrm.extra.perf.PAPI_TOT_CYC.68304,1621574470610.0
1761830159.4689171,nrm.extra.perf.PAPI_RES_STL.68304,804772039808.0
1761830159.4689171,nrm.extra.perf.PAPI_L3_TCM.68304,294370202.0
1761830160.4719155,nrm.extra.perf.PAPI_L3_TCA.68304,3374028532.0
1761830160.4719155,nrm.extra.perf.PAPI_TOT_INS.68304,1092580608220.0
1761830160.4719155,nrm.extra.perf.PAPI_TOT_CYC.68304,1852830597095.0
1761830160.4719155,nrm.extra.perf.PAPI_RES_STL.68304,919830525126.0
1761830160.4719155,nrm.extra.perf.PAPI_L3_TCM.68304,335946773.0
1761830161.468909,nrm.extra.perf.PAPI_L3_TCA.68304,3794222866.0
1761830161.468909,nrm.extra.perf.PAPI_TOT_INS.68304,1228589340628.0
1761830161.468909,nrm.extra.perf.PAPI_TOT_CYC.68304,2082325337800.0
1761830161.468909,nrm.extra.perf.PAPI_RES_STL.68304,1034162045477.0
1761830161.468909,nrm.extra.perf.PAPI_L3_TCM.68304,377694736.0
1761830162.4719038,nrm.extra.perf.PAPI_L3_TCA.68304,4216291615.0
1761830162.4719038,nrm.extra.perf.PAPI_TOT_INS.68304,1365298596088.0
1761830162.4719038,nrm.extra.perf.PAPI_TOT_CYC.68304,2313486444461.0
1761830162.4719038,nrm.extra.perf.PAPI_RES_STL.68304,1148895286692.0
1761830162.4719038,nrm.extra.perf.PAPI_L3_TCM.68304,419643119.0
1761830163.4689507,nrm.extra.perf.PAPI_L3_TCA.68304,4632567921.0
1761830163.4689507,nrm.extra.perf.PAPI_TOT_INS.68304,1500478171858.0
1761830163.4689507,nrm.extra.perf.PAPI_TOT_CYC.68304,2543082576034.0
1761830163.4689507,nrm.extra.perf.PAPI_RES_STL.68304,1262108268083.0
1761830163.4689507,nrm.extra.perf.PAPI_L3_TCM.68304,460731875.0
1761830164.4689147,nrm.extra.perf.PAPI_L3_TCA.68304,5054440518.0
1761830164.4689147,nrm.extra.perf.PAPI_TOT_INS.68304,1637102986822.0
1761830164.4689147,nrm.extra.perf.PAPI_TOT_CYC.68304,2773579917206.0
1761830164.4689147,nrm.extra.perf.PAPI_RES_STL.68304,1376946342481.0
1761830164.4689147,nrm.extra.perf.PAPI_L3_TCM.68304,502692495.0
1761830165.469906,nrm.extra.perf.PAPI_L3_TCA.68304,5476009216.0
1761830165.469906,nrm.extra.perf.PAPI_TOT_INS.68304,1773724967334.0
1761830165.469906,nrm.extra.perf.PAPI_TOT_CYC.68304,3004314756694.0
1761830165.469906,nrm.extra.perf.PAPI_RES_STL.68304,1491487804505.0
1761830165.469906,nrm.extra.perf.PAPI_L3_TCM.68304,544593230.0
1761830166.4729183,nrm.extra.perf.PAPI_L3_TCA.68304,5899289587.0
1761830166.4729183,nrm.extra.perf.PAPI_TOT_INS.68304,1910644501394.0
1761830166.4729183,nrm.extra.perf.PAPI_TOT_CYC.68304,3235471179398.0
1761830166.4729183,nrm.extra.perf.PAPI_RES_STL.68304,1606669869281.0
1761830166.4729183,nrm.extra.perf.PAPI_L3_TCM.68304,586760105.0
1761830167.468959,nrm.extra.perf.PAPI_L3_TCA.68304,6318462182.0
1761830167.468959,nrm.extra.perf.PAPI_TOT_INS.68304,2046552187697.0
1761830167.468959,nrm.extra.perf.PAPI_TOT_CYC.68304,3464833695919.0
1761830167.468959,nrm.extra.perf.PAPI_RES_STL.68304,1720620636520.0
1761830167.468959,nrm.extra.perf.PAPI_L3_TCM.68304,628089238.0
1761830168.468925,nrm.extra.perf.PAPI_L3_TCA.68304,6739318725.0
1761830168.468925,nrm.extra.perf.PAPI_TOT_INS.68304,2182926789163.0
1761830168.468925,nrm.extra.perf.PAPI_TOT_CYC.68304,3695194138273.0
1761830168.468925,nrm.extra.perf.PAPI_RES_STL.68304,1835376911157.0
1761830168.468925,nrm.extra.perf.PAPI_L3_TCM.68304,669282900.0
1761830169.4728622,nrm.extra.perf.PAPI_L3_TCA.68304,7162382052.0
1761830169.4728622,nrm.extra.perf.PAPI_TOT_INS.68304,2319923356195.0
1761830169.4728622,nrm.extra.perf.PAPI_TOT_CYC.68304,3926624826108.0
1761830169.4728622,nrm.extra.perf.PAPI_RES_STL.68304,1950453642494.0
1761830169.4728622,nrm.extra.perf.PAPI_L3_TCM.68304,711027825.0
1761830170.4689572,nrm.extra.perf.PAPI_L3_TCA.68304,7582618323.0
1761830170.4689572,nrm.extra.perf.PAPI_TOT_INS.68304,2456110916161.0
1761830170.4689572,nrm.extra.perf.PAPI_TOT_CYC.68304,4156030276152.0
1761830170.4689572,nrm.extra.perf.PAPI_RES_STL.68304,2064727857368.0
1761830170.4689572,nrm.extra.perf.PAPI_L3_TCM.68304,752223257.0
1761830171.4689395,nrm.extra.perf.PAPI_L3_TCA.68304,8005458351.0
1761830171.4689395,nrm.extra.perf.PAPI_TOT_INS.68304,2593013020131.0
1761830171.4689395,nrm.extra.perf.PAPI_TOT_CYC.68304,4386402433284.0
1761830171.4689395,nrm.extra.perf.PAPI_RES_STL.68304,2179848586058.0
1761830171.4689395,nrm.extra.perf.PAPI_L3_TCM.68304,793800702.0
1761830172.4688797,nrm.extra.perf.PAPI_L3_TCA.68304,8425656140.0
1761830172.4688797,nrm.extra.perf.PAPI_TOT_INS.68304,2729180840274.0
1761830172.4688797,nrm.extra.perf.PAPI_TOT_CYC.68304,4616921568295.0
1761830172.4688797,nrm.extra.perf.PAPI_RES_STL.68304,2293947195929.0
1761830172.4688797,nrm.extra.perf.PAPI_L3_TCM.68304,835271386.0
1761830173.4719555,nrm.extra.perf.PAPI_L3_TCA.68304,8849424042.0
1761830173.4719555,nrm.extra.perf.PAPI_TOT_INS.68304,2866421411037.0
1761830173.4719555,nrm.extra.perf.PAPI_TOT_CYC.68304,4847909284948.0
1761830173.4719555,nrm.extra.perf.PAPI_RES_STL.68304,2409226050322.0
1761830173.4719555,nrm.extra.perf.PAPI_L3_TCM.68304,876816860.0
1761830174.4687858,nrm.extra.perf.PAPI_L3_TCA.68304,9249742343.0
1761830174.4687858,nrm.extra.perf.PAPI_TOT_INS.68304,2997046085793.0
1761830174.4687858,nrm.extra.perf.PAPI_TOT_CYC.68304,5073672090218.0
1761830174.4687858,nrm.extra.perf.PAPI_RES_STL.68304,2518343241881.0
1761830174.4687858,nrm.extra.perf.PAPI_L3_TCM.68304,916369431.0
1761830175.4728794,nrm.extra.perf.PAPI_L3_TCA.68304,9659084729.0
1761830175.4728794,nrm.extra.perf.PAPI_TOT_INS.68304,3130022905441.0
1761830175.4728794,nrm.extra.perf.PAPI_TOT_CYC.68304,5300011091495.0
1761830175.4728794,nrm.extra.perf.PAPI_RES_STL.68304,2629951257260.0
1761830175.4728794,nrm.extra.perf.PAPI_L3_TCM.68304,956689655.0
1761830176.4689488,nrm.extra.perf.PAPI_L3_TCA.68304,10080114808.0
1761830176.4689488,nrm.extra.perf.PAPI_TOT_INS.68304,3266472505980.0
1761830176.4689488,nrm.extra.perf.PAPI_TOT_CYC.68304,5529442034680.0
1761830176.4689488,nrm.extra.perf.PAPI_RES_STL.68304,2744395938663.0
1761830176.4689488,nrm.extra.perf.PAPI_L3_TCM.68304,997779968.0
1761830177.4709136,nrm.extra.perf.PAPI_L3_TCA.68304,10503308604.0
1761830177.4709136,nrm.extra.perf.PAPI_TOT_INS.68304,3403540400503.0
1761830177.4709136,nrm.extra.perf.PAPI_TOT_CYC.68304,5760202549738.0
1761830177.4709136,nrm.extra.perf.PAPI_RES_STL.68304,2859669702478.0
1761830177.4709136,nrm.extra.perf.PAPI_L3_TCM.68304,1039544812.0
1761830178.468901,nrm.extra.perf.PAPI_L3_TCA.68304,10923600911.0
1761830178.468901,nrm.extra.perf.PAPI_TOT_INS.68304,3539580862944.0
1761830178.468901,nrm.extra.perf.PAPI_TOT_CYC.68304,5990100268639.0
1761830178.468901,nrm.extra.perf.PAPI_RES_STL.68304,2974319396380.0
1761830178.468901,nrm.extra.perf.PAPI_L3_TCM.68304,1081291560.0
1761830179.4689386,nrm.extra.perf.PAPI_L3_TCA.68304,11345021851.0
1761830179.4689386,nrm.extra.perf.PAPI_TOT_INS.68304,3676342708649.0
1761830179.4689386,nrm.extra.perf.PAPI_TOT_CYC.68304,6220471283452.0
1761830179.4689386,nrm.extra.perf.PAPI_RES_STL.68304,3088910988829.0
1761830179.4689386,nrm.extra.perf.PAPI_L3_TCM.68304,1122653955.0
1761830180.4689083,nrm.extra.perf.PAPI_L3_TCA.68304,11765639811.0
1761830180.4689083,nrm.extra.perf.PAPI_TOT_INS.68304,3812684807776.0
1761830180.4689083,nrm.extra.perf.PAPI_TOT_CYC.68304,6450807474595.0
1761830180.4689083,nrm.extra.perf.PAPI_RES_STL.68304,3203654927606.0
1761830180.4689083,nrm.extra.perf.PAPI_L3_TCM.68304,1164191044.0
1761830181.4729214,nrm.extra.perf.PAPI_L3_TCA.68304,12187491131.0
1761830181.4729214,nrm.extra.perf.PAPI_TOT_INS.68304,3949470718304.0
1761830181.4729214,nrm.extra.perf.PAPI_TOT_CYC.68304,6682144116855.0
1761830181.4729214,nrm.extra.perf.PAPI_RES_STL.68304,3318401898408.0
1761830181.4729214,nrm.extra.perf.PAPI_L3_TCM.68304,1205971543.0
1761830182.4688914,nrm.extra.perf.PAPI_L3_TCA.68304,12607620620.0
1761830182.4688914,nrm.extra.perf.PAPI_TOT_INS.68304,4085613157928.0
1761830182.4688914,nrm.extra.perf.PAPI_TOT_CYC.68304,6911544424876.0
1761830182.4688914,nrm.extra.perf.PAPI_RES_STL.68304,3432905003230.0
1761830182.4688914,nrm.extra.perf.PAPI_L3_TCM.68304,1247549329.0
1761830183.4699118,nrm.extra.perf.PAPI_L3_TCA.68304,13028325234.0
1761830183.4699118,nrm.extra.perf.PAPI_TOT_INS.68304,4222188711629.0
1761830183.4699118,nrm.extra.perf.PAPI_TOT_CYC.68304,7142055478967.0
1761830183.4699118,nrm.extra.perf.PAPI_RES_STL.68304,3547396201556.0
1761830183.4699118,nrm.extra.perf.PAPI_L3_TCM.68304,1289256834.0
1761830184.47086,nrm.extra.perf.PAPI_L3_TCA.68304,13450215573.0
1761830184.47086,nrm.extra.perf.PAPI_TOT_INS.68304,4358777413723.0
1761830184.47086,nrm.extra.perf.PAPI_TOT_CYC.68304,7372603571956.0
1761830184.47086,nrm.extra.perf.PAPI_RES_STL.68304,3662333275983.0
1761830184.47086,nrm.extra.perf.PAPI_L3_TCM.68304,1331115558.0
1761830185.4728856,nrm.extra.perf.PAPI_L3_TCA.68304,13873127119.0
1761830185.4728856,nrm.extra.perf.PAPI_TOT_INS.68304,4495869549393.0
1761830185.4728856,nrm.extra.perf.PAPI_TOT_CYC.68304,7603358573058.0
1761830185.4728856,nrm.extra.perf.PAPI_RES_STL.68304,3777434167214.0
1761830185.4728856,nrm.extra.perf.PAPI_L3_TCM.68304,1372976145.0
1761830186.4689064,nrm.extra.perf.PAPI_L3_TCA.68304,14292770467.0
1761830186.4689064,nrm.extra.perf.PAPI_TOT_INS.68304,4631925438088.0
1761830186.4689064,nrm.extra.perf.PAPI_TOT_CYC.68304,7832747559556.0
1761830186.4689064,nrm.extra.perf.PAPI_RES_STL.68304,3891674530942.0
1761830186.4689064,nrm.extra.perf.PAPI_L3_TCM.68304,1414478320.0
1761830187.4689186,nrm.extra.perf.PAPI_L3_TCA.68304,14712783295.0
1761830187.4689186,nrm.extra.perf.PAPI_TOT_INS.68304,4768108593613.0
1761830187.4689186,nrm.extra.perf.PAPI_TOT_CYC.68304,8062970861176.0
1761830187.4689186,nrm.extra.perf.PAPI_RES_STL.68304,4005826621506.0
1761830187.4689186,nrm.extra.perf.PAPI_L3_TCM.68304,1455770901.0
1761830188.4718914,nrm.extra.perf.PAPI_L3_TCA.68304,15133436483.0
1761830188.4718914,nrm.extra.perf.PAPI_TOT_INS.68304,4904620267204.0
1761830188.4718914,nrm.extra.perf.PAPI_TOT_CYC.68304,8294127496336.0
1761830188.4718914,nrm.extra.perf.PAPI_RES_STL.68304,4120598988559.0
1761830188.4718914,nrm.extra.perf.PAPI_L3_TCM.68304,1497192966.0
1761830189.4689214,nrm.extra.perf.PAPI_L3_TCA.68304,15553371466.0
1761830189.4689214,nrm.extra.perf.PAPI_TOT_INS.68304,5040787464018.0
1761830189.4689214,nrm.extra.perf.PAPI_TOT_CYC.68304,8523566606237.0
1761830189.4689214,nrm.extra.perf.PAPI_RES_STL.68304,4235008644777.0
1761830189.4689214,nrm.extra.perf.PAPI_L3_TCM.68304,1538611316.0
1761830190.4687839,nrm.extra.perf.PAPI_L3_TCA.68304,15972759106.0
1761830190.4687839,nrm.extra.perf.PAPI_TOT_INS.68304,5176988518199.0
1761830190.4687839,nrm.extra.perf.PAPI_TOT_CYC.68304,8753488207480.0
1761830190.4687839,nrm.extra.perf.PAPI_RES_STL.68304,4349059516305.0
1761830190.4687839,nrm.extra.perf.PAPI_L3_TCM.68304,1580097420.0
1761830191.468922,nrm.extra.perf.PAPI_L3_TCA.68304,16392679787.0
1761830191.468922,nrm.extra.perf.PAPI_TOT_INS.68304,5313069604486.0
1761830191.468922,nrm.extra.perf.PAPI_TOT_CYC.68304,8983730295099.0
1761830191.468922,nrm.extra.perf.PAPI_RES_STL.68304,4463350234840.0
1761830191.468922,nrm.extra.perf.PAPI_L3_TCM.68304,1622116559.0
1761830192.471912,nrm.extra.perf.PAPI_L3_TCA.68304,16816373327.0
1761830192.471912,nrm.extra.perf.PAPI_TOT_INS.68304,5450434142925.0
1761830192.471912,nrm.extra.perf.PAPI_TOT_CYC.68304,9214663405774.0
1761830192.471912,nrm.extra.perf.PAPI_RES_STL.68304,4578790881001.0
1761830192.471912,nrm.extra.perf.PAPI_L3_TCM.68304,1663654450.0
1761830193.4708564,nrm.extra.perf.PAPI_L3_TCA.68304,17235991600.0
1761830193.4708564,nrm.extra.perf.PAPI_TOT_INS.68304,5586605806890.0
1761830193.4708564,nrm.extra.perf.PAPI_TOT_CYC.68304,9444685609610.0
1761830193.4708564,nrm.extra.perf.PAPI_RES_STL.68304,4693079859825.0
1761830193.4708564,nrm.extra.perf.PAPI_L3_TCM.68304,1705022169.0
1761830194.4689078,nrm.extra.perf.PAPI_L3_TCA.68304,17655125244.0
1761830194.4689078,nrm.extra.perf.PAPI_TOT_INS.68304,5722468909312.0
1761830194.4689078,nrm.extra.perf.PAPI_TOT_CYC.68304,9674537163388.0
1761830194.4689078,nrm.extra.perf.PAPI_RES_STL.68304,4807134138410.0
1761830194.4689078,nrm.extra.perf.PAPI_L3_TCM.68304,1746670746.0
1761830195.470916,nrm.extra.perf.PAPI_L3_TCA.68304,18077197859.0
1761830195.470916,nrm.extra.perf.PAPI_TOT_INS.68304,5859400070742.0
1761830195.470916,nrm.extra.perf.PAPI_TOT_CYC.68304,9905396217270.0
1761830195.470916,nrm.extra.perf.PAPI_RES_STL.68304,4921958555727.0
1761830195.470916,nrm.extra.perf.PAPI_L3_TCM.68304,1788366317.0
1761830196.4728994,nrm.extra.perf.PAPI_L3_TCA.68304,18497804232.0
1761830196.4728994,nrm.extra.perf.PAPI_TOT_INS.68304,5995785538879.0
1761830196.4728994,nrm.extra.perf.PAPI_TOT_CYC.68304,10136048078668.0
1761830196.4728994,nrm.extra.perf.PAPI_RES_STL.68304,5036664245951.0
1761830196.4728994,nrm.extra.perf.PAPI_L3_TCM.68304,1830081339.0
1761830197.468947,nrm.extra.perf.PAPI_L3_TCA.68304,18915599579.0
1761830197.468947,nrm.extra.perf.PAPI_TOT_INS.68304,6131282374736.0
1761830197.468947,nrm.extra.perf.PAPI_TOT_CYC.68304,10365373623756.0
1761830197.468947,nrm.extra.perf.PAPI_RES_STL.68304,5150235217166.0
1761830197.468947,nrm.extra.perf.PAPI_L3_TCM.68304,1871644123.0
1761830198.468901,nrm.extra.perf.PAPI_L3_TCA.68304,19336388174.0
1761830198.468901,nrm.extra.perf.PAPI_TOT_INS.68304,6267687219382.0
1761830198.468901,nrm.extra.perf.PAPI_TOT_CYC.68304,10595636515375.0
1761830198.468901,nrm.extra.perf.PAPI_RES_STL.68304,5264957369599.0
1761830198.468901,nrm.extra.perf.PAPI_L3_TCM.68304,1913390230.0
1761830199.4739192,nrm.extra.perf.PAPI_L3_TCA.68304,19759160656.0
1761830199.4739192,nrm.extra.perf.PAPI_TOT_INS.68304,6404825185762.0
1761830199.4739192,nrm.extra.perf.PAPI_TOT_CYC.68304,10827079582804.0
1761830199.4739192,nrm.extra.perf.PAPI_RES_STL.68304,5380102437009.0
1761830199.4739192,nrm.extra.perf.PAPI_L3_TCM.68304,1955203112.0
1761830200.4688754,nrm.extra.perf.PAPI_L3_TCA.68304,20177785841.0
1761830200.4688754,nrm.extra.perf.PAPI_TOT_INS.68304,6540466283694.0
1761830200.4688754,nrm.extra.perf.PAPI_TOT_CYC.68304,11056136115915.0
1761830200.4688754,nrm.extra.perf.PAPI_RES_STL.68304,5493951574394.0
1761830200.4688754,nrm.extra.perf.PAPI_L3_TCM.68304,1996542569.0
1761830201.4689271,nrm.extra.perf.PAPI_L3_TCA.68304,20597413888.0
1761830201.4689271,nrm.extra.perf.PAPI_TOT_INS.68304,6676659946358.0
1761830201.4689271,nrm.extra.perf.PAPI_TOT_CYC.68304,11286361566335.0
1761830201.4689271,nrm.extra.perf.PAPI_RES_STL.68304,5608335769669.0
1761830201.4689271,nrm.extra.perf.PAPI_L3_TCM.68304,2038130561.0
1761830202.470947,nrm.extra.perf.PAPI_L3_TCA.68304,21019738857.0
1761830202.470947,nrm.extra.perf.PAPI_TOT_INS.68304,6813653869800.0
1761830202.470947,nrm.extra.perf.PAPI_TOT_CYC.68304,11517239205084.0
1761830202.470947,nrm.extra.perf.PAPI_RES_STL.68304,5723298848357.0
1761830202.470947,nrm.extra.perf.PAPI_L3_TCM.68304,2079447237.0
1761830203.4704967,nrm.extra.perf.PAPI_L3_TCA.68304,21440710332.0
1761830203.4704967,nrm.extra.perf.PAPI_TOT_INS.68304,6950209926559.0
1761830203.4704967,nrm.extra.perf.PAPI_TOT_CYC.68304,11747539771593.0
1761830203.4704967,nrm.extra.perf.PAPI_RES_STL.68304,5837980760172.0
1761830203.4704967,nrm.extra.perf.PAPI_L3_TCM.68304,2120692244.0
1761830204.4719195,nrm.extra.perf.PAPI_L3_TCA.68304,21862457314.0
1761830204.4719195,nrm.extra.perf.PAPI_TOT_INS.68304,7086768630299.0
1761830204.4719195,nrm.extra.perf.PAPI_TOT_CYC.68304,11978284914019.0
1761830204.4719195,nrm.extra.perf.PAPI_RES_STL.68304,5952960811597.0
1761830204.4719195,nrm.extra.perf.PAPI_L3_TCM.68304,2162027033.0
1761830205.468911,nrm.extra.perf.PAPI_L3_TCA.68304,22283125609.0
1761830205.468911,nrm.extra.perf.PAPI_TOT_INS.68304,7223149986557.0
1761830205.468911,nrm.extra.perf.PAPI_TOT_CYC.68304,12207915823165.0
1761830205.468911,nrm.extra.perf.PAPI_RES_STL.68304,6067463302545.0
1761830205.468911,nrm.extra.perf.PAPI_L3_TCM.68304,2203494275.0
1761830206.4707997,nrm.extra.perf.PAPI_L3_TCA.68304,22704880241.0
1761830206.4707997,nrm.extra.perf.PAPI_TOT_INS.68304,7360013620420.0
1761830206.4707997,nrm.extra.perf.PAPI_TOT_CYC.68304,12438728036786.0
1761830206.4707997,nrm.extra.perf.PAPI_RES_STL.68304,6182347108066.0
1761830206.4707997,nrm.extra.perf.PAPI_L3_TCM.68304,2244687780.0
1761830207.4699578,nrm.extra.perf.PAPI_L3_TCA.68304,23125703694.0
1761830207.4699578,nrm.extra.perf.PAPI_TOT_INS.68304,7496347979424.0
1761830207.4699578,nrm.extra.perf.PAPI_TOT_CYC.68304,12668928125298.0
1761830207.4699578,nrm.extra.perf.PAPI_RES_STL.68304,6296828608318.0
1761830207.4699578,nrm.extra.perf.PAPI_L3_TCM.68304,2286262263.0
1761830208.4718792,nrm.extra.perf.PAPI_L3_TCA.68304,23546258700.0
1761830208.4718792,nrm.extra.perf.PAPI_TOT_INS.68304,7632812932768.0
1761830208.4718792,nrm.extra.perf.PAPI_TOT_CYC.68304,12899817117680.0
1761830208.4718792,nrm.extra.perf.PAPI_RES_STL.68304,6411647819684.0
1761830208.4718792,nrm.extra.perf.PAPI_L3_TCM.68304,2327378583.0
1761830209.468967,nrm.extra.perf.PAPI_L3_TCA.68304,23965173394.0
1761830209.468967,nrm.extra.perf.PAPI_TOT_INS.68304,7768785332110.0
1761830209.468967,nrm.extra.perf.PAPI_TOT_CYC.68304,13129603800917.0
1761830209.468967,nrm.extra.perf.PAPI_RES_STL.68304,6525575647538.0
1761830209.468967,nrm.extra.perf.PAPI_L3_TCM.68304,2368412820.0
1761830210.47086,nrm.extra.perf.PAPI_L3_TCA.68304,24387552728.0
1761830210.47086,nrm.extra.perf.PAPI_TOT_INS.68304,7905549529973.0
1761830210.47086,nrm.extra.perf.PAPI_TOT_CYC.68304,13360414076974.0
1761830210.47086,nrm.extra.perf.PAPI_RES_STL.68304,6640481650262.0
1761830210.47086,nrm.extra.perf.PAPI_L3_TCM.68304,2410276736.0
1761830211.469873,nrm.extra.perf.PAPI_L3_TCA.68304,24809310341.0
1761830211.469873,nrm.extra.perf.PAPI_TOT_INS.68304,8042228021462.0
1761830211.469873,nrm.extra.perf.PAPI_TOT_CYC.68304,13590556069189.0
1761830211.469873,nrm.extra.perf.PAPI_RES_STL.68304,6755376234314.0
1761830211.469873,nrm.extra.perf.PAPI_L3_TCM.68304,2452194509.0
1761830212.469913,nrm.extra.perf.PAPI_L3_TCA.68304,25231145433.0
1761830212.469913,nrm.extra.perf.PAPI_TOT_INS.68304,8178923791757.0
1761830212.469913,nrm.extra.perf.PAPI_TOT_CYC.68304,13820865909264.0
1761830212.469913,nrm.extra.perf.PAPI_RES_STL.68304,6870438710222.0
1761830212.469913,nrm.extra.perf.PAPI_L3_TCM.68304,2493858735.0
1761830213.4719143,nrm.extra.perf.PAPI_L3_TCA.68304,25622505107.0
1761830213.4719143,nrm.extra.perf.PAPI_TOT_INS.68304,8306952897017.0
1761830213.4719143,nrm.extra.perf.PAPI_TOT_CYC.68304,14043166837547.0
1761830213.4719143,nrm.extra.perf.PAPI_RES_STL.68304,6977168808959.0
1761830213.4719143,nrm.extra.perf.PAPI_L3_TCM.68304,2532876555.0
1761830214.4689078,nrm.extra.perf.PAPI_L3_TCA.68304,26043396022.0
1761830214.4689078,nrm.extra.perf.PAPI_TOT_INS.68304,8443364637796.0
1761830214.4689078,nrm.extra.perf.PAPI_TOT_CYC.68304,14272713187672.0
1761830214.4689078,nrm.extra.perf.PAPI_RES_STL.68304,7091643451540.0
1761830214.4689078,nrm.extra.perf.PAPI_L3_TCM.68304,2574401162.0
1761830215.4687562,nrm.extra.perf.PAPI_L3_TCA.68304,26464386584.0
1761830215.4687562,nrm.extra.perf.PAPI_TOT_INS.68304,8579940448281.0
1761830215.4687562,nrm.extra.perf.PAPI_TOT_CYC.68304,14502991087629.0
1761830215.4687562,nrm.extra.perf.PAPI_RES_STL.68304,7206396482910.0
1761830215.4687562,nrm.extra.perf.PAPI_L3_TCM.68304,2615783846.0
1761830216.4689298,nrm.extra.perf.PAPI_L3_TCA.68304,26885708923.0
1761830216.4689298,nrm.extra.perf.PAPI_TOT_INS.68304,8716300815079.0
1761830216.4689298,nrm.extra.perf.PAPI_TOT_CYC.68304,14733178057623.0
1761830216.4689298,nrm.extra.perf.PAPI_RES_STL.68304,7321106358518.0
1761830216.4689298,nrm.extra.perf.PAPI_L3_TCM.68304,2657747111.0
1761830217.4728973,nrm.extra.perf.PAPI_L3_TCA.68304,27309165598.0
1761830217.4728973,nrm.extra.perf.PAPI_TOT_INS.68304,8853567547262.0
1761830217.4728973,nrm.extra.perf.PAPI_TOT_CYC.68304,14964483068376.0
1761830217.4728973,nrm.extra.perf.PAPI_RES_STL.68304,7436607165309.0
1761830217.4728973,nrm.extra.perf.PAPI_L3_TCM.68304,2699474878.0
1761830218.4687927,nrm.extra.perf.PAPI_L3_TCA.68304,27728916933.0
1761830218.4687927,nrm.extra.perf.PAPI_TOT_INS.68304,8989734212903.0
1761830218.4687927,nrm.extra.perf.PAPI_TOT_CYC.68304,15193858957062.0
1761830218.4687927,nrm.extra.perf.PAPI_RES_STL.68304,7550747233592.0
1761830218.4687927,nrm.extra.perf.PAPI_L3_TCM.68304,2740882744.0
1761830219.4689374,nrm.extra.perf.PAPI_L3_TCA.68304,28150194973.0
1761830219.4689374,nrm.extra.perf.PAPI_TOT_INS.68304,9126169156321.0
1761830219.4689374,nrm.extra.perf.PAPI_TOT_CYC.68304,15424111086485.0
1761830219.4689374,nrm.extra.perf.PAPI_RES_STL.68304,7665487901174.0
1761830219.4689374,nrm.extra.perf.PAPI_L3_TCM.68304,2782554509.0
1761830220.4718711,nrm.extra.perf.PAPI_L3_TCA.68304,28572982817.0
1761830220.4718711,nrm.extra.perf.PAPI_TOT_INS.68304,9263240746402.0
1761830220.4718711,nrm.extra.perf.PAPI_TOT_CYC.68304,15655055573925.0
1761830220.4718711,nrm.extra.perf.PAPI_RES_STL.68304,7780660098951.0
1761830220.4718711,nrm.extra.perf.PAPI_L3_TCM.68304,2824017112.0
1761830221.4714754,nrm.extra.perf.PAPI_L3_TCA.68304,28993680989.0
1761830221.4714754,nrm.extra.perf.PAPI_TOT_INS.68304,9399711667802.0
1761830221.4714754,nrm.extra.perf.PAPI_TOT_CYC.68304,15885292145086.0
1761830221.4714754,nrm.extra.perf.PAPI_RES_STL.68304,7895087555116.0
1761830221.4714754,nrm.extra.perf.PAPI_L3_TCM.68304,2865682010.0
1761830222.4729197,nrm.extra.perf.PAPI_L3_TCA.68304,29413683004.0
1761830222.4729197,nrm.extra.perf.PAPI_TOT_INS.68304,9535846309753.0
1761830222.4729197,nrm.extra.perf.PAPI_TOT_CYC.68304,16116080273078.0
1761830222.4729197,nrm.extra.perf.PAPI_RES_STL.68304,8009446004560.0
1761830222.4729197,nrm.extra.perf.PAPI_L3_TCM.68304,2907701507.0
1761830223.4689605,nrm.extra.perf.PAPI_L3_TCA.68304,29833756415.0
1761830223.4689605,nrm.extra.perf.PAPI_TOT_INS.68304,9672080964319.0
1761830223.4689605,nrm.extra.perf.PAPI_TOT_CYC.68304,16345644782169.0
1761830223.4689605,nrm.extra.perf.PAPI_RES_STL.68304,8123813907061.0
1761830223.4689605,nrm.extra.perf.PAPI_L3_TCM.68304,2949133331.0
1761830224.4689205,nrm.extra.perf.PAPI_L3_TCA.68304,30254338433.0
1761830224.4689205,nrm.extra.perf.PAPI_TOT_INS.68304,9808480088666.0
1761830224.4689205,nrm.extra.perf.PAPI_TOT_CYC.68304,16576109123865.0
1761830224.4689205,nrm.extra.perf.PAPI_RES_STL.68304,8238509106233.0
1761830224.4689205,nrm.extra.perf.PAPI_L3_TCM.68304,2990641955.0
1761830225.4729037,nrm.extra.perf.PAPI_L3_TCA.68304,30675990225.0
1761830225.4729037,nrm.extra.perf.PAPI_TOT_INS.68304,9945216536698.0
1761830225.4729037,nrm.extra.perf.PAPI_TOT_CYC.68304,16807338662166.0
1761830225.4729037,nrm.extra.perf.PAPI_RES_STL.68304,8353234686381.0
1761830225.4729037,nrm.extra.perf.PAPI_L3_TCM.68304,3032462126.0
1761830226.468876,nrm.extra.perf.PAPI_L3_TCA.68304,31093867865.0
1761830226.468876,nrm.extra.perf.PAPI_TOT_INS.68304,10080814211004.0
1761830226.468876,nrm.extra.perf.PAPI_TOT_CYC.68304,17036789217807.0
1761830226.468876,nrm.extra.perf.PAPI_RES_STL.68304,8467140786376.0
1761830226.468876,nrm.extra.perf.PAPI_L3_TCM.68304,3073954296.0
1761830227.468907,nrm.extra.perf.PAPI_L3_TCA.68304,31514392945.0
1761830227.468907,nrm.extra.perf.PAPI_TOT_INS.68304,10217358143442.0
1761830227.468907,nrm.extra.perf.PAPI_TOT_CYC.68304,17267218923867.0
1761830227.468907,nrm.extra.perf.PAPI_RES_STL.68304,8581498393171.0
1761830227.468907,nrm.extra.perf.PAPI_L3_TCM.68304,3115392748.0
1761830228.4729211,nrm.extra.perf.PAPI_L3_TCA.68304,31936484623.0
1761830228.4729211,nrm.extra.perf.PAPI_TOT_INS.68304,10354167417317.0
1761830228.4729211,nrm.extra.perf.PAPI_TOT_CYC.68304,17498396912398.0
1761830228.4729211,nrm.extra.perf.PAPI_RES_STL.68304,8696404105504.0
1761830228.4729211,nrm.extra.perf.PAPI_L3_TCM.68304,3157193494.0
1761830229.4689124,nrm.extra.perf.PAPI_L3_TCA.68304,32355240492.0
1761830229.4689124,nrm.extra.perf.PAPI_TOT_INS.68304,10489917823035.0
1761830229.4689124,nrm.extra.perf.PAPI_TOT_CYC.68304,17727782408065.0
1761830229.4689124,nrm.extra.perf.PAPI_RES_STL.68304,8810587483500.0
1761830229.4689124,nrm.extra.perf.PAPI_L3_TCM.68304,3198612577.0
1761830230.4708636,nrm.extra.perf.PAPI_L3_TCA.68304,32777731805.0
1761830230.4708636,nrm.extra.perf.PAPI_TOT_INS.68304,10626886624072.0
1761830230.4708636,nrm.extra.perf.PAPI_TOT_CYC.68304,17958518746568.0
1761830230.4708636,nrm.extra.perf.PAPI_RES_STL.68304,8925658716183.0
1761830230.4708636,nrm.extra.perf.PAPI_L3_TCM.68304,3240357114.0
1761830231.4688709,nrm.extra.perf.PAPI_L3_TCA.68304,33198562815.0
1761830231.4688709,nrm.extra.perf.PAPI_TOT_INS.68304,10763210164514.0
1761830231.4688709,nrm.extra.perf.PAPI_TOT_CYC.68304,18188394523146.0
1761830231.4688709,nrm.extra.perf.PAPI_RES_STL.68304,9039994848761.0
1761830231.4688709,nrm.extra.perf.PAPI_L3_TCM.68304,3282099740.0
1761830232.4719334,nrm.extra.perf.PAPI_L3_TCA.68304,33622287088.0
1761830232.4719334,nrm.extra.perf.PAPI_TOT_INS.68304,10900500697568.0
1761830232.4719334,nrm.extra.perf.PAPI_TOT_CYC.68304,18419626428482.0
1761830232.4719334,nrm.extra.perf.PAPI_RES_STL.68304,9155565423729.0
1761830232.4719334,nrm.extra.perf.PAPI_L3_TCM.68304,3324176862.0
1761830233.4689078,nrm.extra.perf.PAPI_L3_TCA.68304,34043542381.0
1761830233.4689078,nrm.extra.perf.PAPI_TOT_INS.68304,11037126677765.0
1761830233.4689078,nrm.extra.perf.PAPI_TOT_CYC.68304,18649341135514.0
1761830233.4689078,nrm.extra.perf.PAPI_RES_STL.68304,9270082954815.0
1761830233.4689078,nrm.extra.perf.PAPI_L3_TCM.68304,3365867228.0
1761830233.8164368,nrm.extra.perf.PAPI_L3_TCA.68304,34188514684.0
1761830233.8164368,nrm.extra.perf.PAPI_TOT_INS.68304,11084329322424.0
1761830233.8164368,nrm.extra.perf.PAPI_TOT_CYC.68304,18729330684864.0
1761830233.8164368,nrm.extra.perf.PAPI_RES_STL.68304,9309564003200.0
1761830233.8164368,nrm.extra.perf.PAPI_L3_TCM.68304,3380157000.0
